
# Values from file "two_trace/input.tsv", line #4:

# CoordType = 1
# α         = 5h 26m 29.249000s
# δ         = 42° 56′ 10.497000″
# π         = (0.3221 ± 0) mas (3,105, 3,105…3,105 pc)
# RV        = (0 ± 0) km/s
# µ_α*      = (0.92061 ± 0) mas/yr
# µ_δ       = (-3.93831 ± 0) mas/yr
# ID        = 0.0
# Comment   = 

# Values from file "two_trace/input.tsv", line #5:

# CoordType = 1
# α         = 5h 26m 29.249000s
# δ         = 42° 56′ 10.497000″
# π         = (0.3221 ± 0) mas (3,105, 3,105…3,105 pc)
# RV        = (0 ± 0) km/s
# µ_α*      = (0.79886 ± 0) mas/yr
# µ_δ       = (-3.89682 ± 0) mas/yr
# ID        = 0.0
# Comment   = 

# Columns:     Time Long1 Lat1 Dist1  ...
# ColumnUnits: year degree degree parsec degree degree parsec parsec

       0    166.11239    4.27749 3104.62589      166.11239    4.27749 3104.62589      0.0000
    -100    166.11212    4.27753 3104.62589      166.11213    4.27753 3104.62589      0.0002
    -200    166.11186    4.27757 3104.62589      166.11186    4.27757 3104.62589      0.0004
    -300    166.11159    4.27761 3104.62589      166.11160    4.27761 3104.62589      0.0006
    -400    166.11133    4.27764 3104.62589      166.11134    4.27765 3104.62589      0.0008
    -500    166.11106    4.27768 3104.62589      166.11108    4.27770 3104.62589      0.0010
    -600    166.11080    4.27772 3104.62589      166.11082    4.27774 3104.62589      0.0012
    -700    166.11053    4.27776 3104.62589      166.11055    4.27778 3104.62589      0.0014
    -800    166.11027    4.27780 3104.62589      166.11029    4.27782 3104.62589      0.0015
    -900    166.11000    4.27784 3104.62589      166.11003    4.27786 3104.62589      0.0017
   -1000    166.10974    4.27788 3104.62589      166.10977    4.27790 3104.62589      0.0019
   -1100    166.10947    4.27792 3104.62589      166.10950    4.27794 3104.62589      0.0021
   -1200    166.10921    4.27796 3104.62589      166.10924    4.27799 3104.62589      0.0023
   -1300    166.10894    4.27800 3104.62589      166.10898    4.27803 3104.62589      0.0025
   -1400    166.10868    4.27804 3104.62589      166.10872    4.27807 3104.62589      0.0027
   -1500    166.10841    4.27808 3104.62589      166.10845    4.27811 3104.62589      0.0029
   -1600    166.10815    4.27812 3104.62589      166.10819    4.27815 3104.62589      0.0031
   -1700    166.10788    4.27816 3104.62589      166.10793    4.27819 3104.62589      0.0033
   -1800    166.10762    4.27820 3104.62590      166.10767    4.27824 3104.62589      0.0035
   -1900    166.10735    4.27824 3104.62590      166.10741    4.27828 3104.62590      0.0037
   -2000    166.10709    4.27828 3104.62590      166.10714    4.27832 3104.62590      0.0039
   -2100    166.10682    4.27832 3104.62590      166.10688    4.27836 3104.62590      0.0041
   -2200    166.10656    4.27835 3104.62590      166.10662    4.27840 3104.62590      0.0043
   -2300    166.10629    4.27839 3104.62590      166.10636    4.27844 3104.62590      0.0045
   -2400    166.10603    4.27843 3104.62590      166.10609    4.27849 3104.62590      0.0046
   -2500    166.10576    4.27847 3104.62590      166.10583    4.27853 3104.62590      0.0048
   -2600    166.10550    4.27851 3104.62590      166.10557    4.27857 3104.62590      0.0050
   -2700    166.10523    4.27855 3104.62590      166.10531    4.27861 3104.62590      0.0052
   -2800    166.10496    4.27859 3104.62590      166.10504    4.27865 3104.62590      0.0054
   -2900    166.10470    4.27863 3104.62590      166.10478    4.27869 3104.62590      0.0056
   -3000    166.10443    4.27867 3104.62590      166.10452    4.27874 3104.62590      0.0058
   -3100    166.10417    4.27871 3104.62590      166.10426    4.27878 3104.62590      0.0060
   -3200    166.10390    4.27875 3104.62590      166.10400    4.27882 3104.62590      0.0062
   -3300    166.10364    4.27879 3104.62590      166.10373    4.27886 3104.62590      0.0064
   -3400    166.10337    4.27883 3104.62590      166.10347    4.27890 3104.62590      0.0066
   -3500    166.10311    4.27887 3104.62590      166.10321    4.27894 3104.62590      0.0068
   -3600    166.10284    4.27891 3104.62590      166.10295    4.27899 3104.62590      0.0070
   -3700    166.10258    4.27895 3104.62590      166.10268    4.27903 3104.62590      0.0072
   -3800    166.10231    4.27899 3104.62590      166.10242    4.27907 3104.62590      0.0074
   -3900    166.10205    4.27903 3104.62590      166.10216    4.27911 3104.62590      0.0076
   -4000    166.10178    4.27906 3104.62590      166.10190    4.27915 3104.62590      0.0077
   -4100    166.10152    4.27910 3104.62591      166.10163    4.27919 3104.62590      0.0079
   -4200    166.10125    4.27914 3104.62591      166.10137    4.27923 3104.62591      0.0081
   -4300    166.10099    4.27918 3104.62591      166.10111    4.27928 3104.62591      0.0083
   -4400    166.10072    4.27922 3104.62591      166.10085    4.27932 3104.62591      0.0085
   -4500    166.10046    4.27926 3104.62591      166.10059    4.27936 3104.62591      0.0087
   -4600    166.10019    4.27930 3104.62591      166.10032    4.27940 3104.62591      0.0089
   -4700    166.09993    4.27934 3104.62591      166.10006    4.27944 3104.62591      0.0091
   -4800    166.09966    4.27938 3104.62591      166.09980    4.27948 3104.62591      0.0093
   -4900    166.09940    4.27942 3104.62591      166.09954    4.27953 3104.62591      0.0095
   -5000    166.09913    4.27946 3104.62591      166.09927    4.27957 3104.62591      0.0097
   -5100    166.09887    4.27950 3104.62591      166.09901    4.27961 3104.62591      0.0099
   -5200    166.09860    4.27954 3104.62591      166.09875    4.27965 3104.62591      0.0101
   -5300    166.09834    4.27958 3104.62591      166.09849    4.27969 3104.62591      0.0103
   -5400    166.09807    4.27962 3104.62591      166.09822    4.27973 3104.62591      0.0105
   -5500    166.09781    4.27966 3104.62591      166.09796    4.27978 3104.62591      0.0106
   -5600    166.09754    4.27970 3104.62592      166.09770    4.27982 3104.62592      0.0108
   -5700    166.09728    4.27973 3104.62592      166.09744    4.27986 3104.62592      0.0110
   -5800    166.09701    4.27977 3104.62592      166.09718    4.27990 3104.62592      0.0112
   -5900    166.09675    4.27981 3104.62592      166.09691    4.27994 3104.62592      0.0114
   -6000    166.09648    4.27985 3104.62592      166.09665    4.27998 3104.62592      0.0116
   -6100    166.09622    4.27989 3104.62592      166.09639    4.28003 3104.62592      0.0118
   -6200    166.09595    4.27993 3104.62592      166.09613    4.28007 3104.62592      0.0120
   -6300    166.09568    4.27997 3104.62592      166.09586    4.28011 3104.62592      0.0122
   -6400    166.09542    4.28001 3104.62592      166.09560    4.28015 3104.62592      0.0124
   -6500    166.09515    4.28005 3104.62592      166.09534    4.28019 3104.62592      0.0126
   -6600    166.09489    4.28009 3104.62593      166.09508    4.28023 3104.62593      0.0128
   -6700    166.09462    4.28013 3104.62593      166.09481    4.28027 3104.62593      0.0130
   -6800    166.09436    4.28017 3104.62593      166.09455    4.28032 3104.62593      0.0132
   -6900    166.09409    4.28021 3104.62593      166.09429    4.28036 3104.62593      0.0134
   -7000    166.09383    4.28025 3104.62593      166.09403    4.28040 3104.62593      0.0136
   -7100    166.09356    4.28029 3104.62593      166.09377    4.28044 3104.62593      0.0137
   -7200    166.09330    4.28033 3104.62593      166.09350    4.28048 3104.62593      0.0139
   -7300    166.09303    4.28037 3104.62594      166.09324    4.28052 3104.62593      0.0141
   -7400    166.09277    4.28041 3104.62594      166.09298    4.28057 3104.62594      0.0143
   -7500    166.09250    4.28044 3104.62594      166.09272    4.28061 3104.62594      0.0145
   -7600    166.09224    4.28048 3104.62594      166.09245    4.28065 3104.62594      0.0147
   -7700    166.09197    4.28052 3104.62594      166.09219    4.28069 3104.62594      0.0149
   -7800    166.09171    4.28056 3104.62594      166.09193    4.28073 3104.62594      0.0151
   -7900    166.09144    4.28060 3104.62595      166.09167    4.28077 3104.62594      0.0153
   -8000    166.09118    4.28064 3104.62595      166.09140    4.28082 3104.62595      0.0155
   -8100    166.09091    4.28068 3104.62595      166.09114    4.28086 3104.62595      0.0157
   -8200    166.09065    4.28072 3104.62595      166.09088    4.28090 3104.62595      0.0159
   -8300    166.09038    4.28076 3104.62595      166.09062    4.28094 3104.62595      0.0161
   -8400    166.09012    4.28080 3104.62595      166.09036    4.28098 3104.62595      0.0163
   -8500    166.08985    4.28084 3104.62596      166.09009    4.28102 3104.62595      0.0165
   -8600    166.08959    4.28088 3104.62596      166.08983    4.28107 3104.62596      0.0167
   -8700    166.08932    4.28092 3104.62596      166.08957    4.28111 3104.62596      0.0168
   -8800    166.08906    4.28096 3104.62596      166.08931    4.28115 3104.62596      0.0170
   -8900    166.08879    4.28100 3104.62596      166.08904    4.28119 3104.62596      0.0172
   -9000    166.08853    4.28104 3104.62597      166.08878    4.28123 3104.62596      0.0174
   -9100    166.08826    4.28108 3104.62597      166.08852    4.28127 3104.62597      0.0176
   -9200    166.08800    4.28111 3104.62597      166.08826    4.28131 3104.62597      0.0178
   -9300    166.08773    4.28115 3104.62597      166.08799    4.28136 3104.62597      0.0180
   -9400    166.08747    4.28119 3104.62597      166.08773    4.28140 3104.62597      0.0182
   -9500    166.08720    4.28123 3104.62598      166.08747    4.28144 3104.62597      0.0184
   -9600    166.08694    4.28127 3104.62598      166.08721    4.28148 3104.62598      0.0186
   -9700    166.08667    4.28131 3104.62598      166.08695    4.28152 3104.62598      0.0188
   -9800    166.08640    4.28135 3104.62598      166.08668    4.28156 3104.62598      0.0190
   -9900    166.08614    4.28139 3104.62598      166.08642    4.28161 3104.62598      0.0192
  -10000    166.08587    4.28143 3104.62599      166.08616    4.28165 3104.62598      0.0194
  -10100    166.08561    4.28147 3104.62599      166.08590    4.28169 3104.62599      0.0196
  -10200    166.08534    4.28151 3104.62599      166.08563    4.28173 3104.62599      0.0197
  -10300    166.08508    4.28155 3104.62599      166.08537    4.28177 3104.62599      0.0199
  -10400    166.08481    4.28159 3104.62600      166.08511    4.28181 3104.62599      0.0201
  -10500    166.08455    4.28163 3104.62600      166.08485    4.28186 3104.62600      0.0203
  -10600    166.08428    4.28167 3104.62600      166.08459    4.28190 3104.62600      0.0205
  -10700    166.08402    4.28171 3104.62600      166.08432    4.28194 3104.62600      0.0207
  -10800    166.08375    4.28175 3104.62600      166.08406    4.28198 3104.62600      0.0209
  -10900    166.08349    4.28178 3104.62601      166.08380    4.28202 3104.62600      0.0211
  -11000    166.08322    4.28182 3104.62601      166.08354    4.28206 3104.62601      0.0213
  -11100    166.08296    4.28186 3104.62601      166.08327    4.28211 3104.62601      0.0215
  -11200    166.08269    4.28190 3104.62601      166.08301    4.28215 3104.62601      0.0217
  -11300    166.08243    4.28194 3104.62602      166.08275    4.28219 3104.62601      0.0219
  -11400    166.08216    4.28198 3104.62602      166.08249    4.28223 3104.62602      0.0221
  -11500    166.08190    4.28202 3104.62602      166.08222    4.28227 3104.62602      0.0223
  -11600    166.08163    4.28206 3104.62602      166.08196    4.28231 3104.62602      0.0225
  -11700    166.08137    4.28210 3104.62603      166.08170    4.28235 3104.62602      0.0227
  -11800    166.08110    4.28214 3104.62603      166.08144    4.28240 3104.62603      0.0228
  -11900    166.08084    4.28218 3104.62603      166.08118    4.28244 3104.62603      0.0230
  -12000    166.08057    4.28222 3104.62604      166.08091    4.28248 3104.62603      0.0232
  -12100    166.08031    4.28226 3104.62604      166.08065    4.28252 3104.62604      0.0234
  -12200    166.08004    4.28230 3104.62604      166.08039    4.28256 3104.62604      0.0236
  -12300    166.07978    4.28234 3104.62604      166.08013    4.28260 3104.62604      0.0238
  -12400    166.07951    4.28238 3104.62605      166.07986    4.28265 3104.62604      0.0240
  -12500    166.07925    4.28242 3104.62605      166.07960    4.28269 3104.62605      0.0242
  -12600    166.07898    4.28245 3104.62605      166.07934    4.28273 3104.62605      0.0244
  -12700    166.07872    4.28249 3104.62606      166.07908    4.28277 3104.62605      0.0246
  -12800    166.07845    4.28253 3104.62606      166.07881    4.28281 3104.62606      0.0248
  -12900    166.07819    4.28257 3104.62606      166.07855    4.28285 3104.62606      0.0250
  -13000    166.07792    4.28261 3104.62607      166.07829    4.28290 3104.62606      0.0252
  -13100    166.07766    4.28265 3104.62607      166.07803    4.28294 3104.62607      0.0254
  -13200    166.07739    4.28269 3104.62607      166.07777    4.28298 3104.62607      0.0256
  -13300    166.07713    4.28273 3104.62607      166.07750    4.28302 3104.62607      0.0257
  -13400    166.07686    4.28277 3104.62608      166.07724    4.28306 3104.62607      0.0259
  -13500    166.07659    4.28281 3104.62608      166.07698    4.28310 3104.62608      0.0261
  -13600    166.07633    4.28285 3104.62608      166.07672    4.28314 3104.62608      0.0263
  -13700    166.07606    4.28289 3104.62609      166.07645    4.28319 3104.62608      0.0265
  -13800    166.07580    4.28293 3104.62609      166.07619    4.28323 3104.62609      0.0267
  -13900    166.07553    4.28297 3104.62609      166.07593    4.28327 3104.62609      0.0269
  -14000    166.07527    4.28301 3104.62610      166.07567    4.28331 3104.62609      0.0271
  -14100    166.07500    4.28305 3104.62610      166.07540    4.28335 3104.62610      0.0273
  -14200    166.07474    4.28309 3104.62610      166.07514    4.28339 3104.62610      0.0275
  -14300    166.07447    4.28312 3104.62611      166.07488    4.28344 3104.62610      0.0277
  -14400    166.07421    4.28316 3104.62611      166.07462    4.28348 3104.62611      0.0279
  -14500    166.07394    4.28320 3104.62611      166.07436    4.28352 3104.62611      0.0281
  -14600    166.07368    4.28324 3104.62612      166.07409    4.28356 3104.62612      0.0283
  -14700    166.07341    4.28328 3104.62613      166.07383    4.28360 3104.62612      0.0285
  -14800    166.07315    4.28332 3104.62613      166.07357    4.28364 3104.62613      0.0287
  -14900    166.07288    4.28336 3104.62613      166.07331    4.28369 3104.62613      0.0288
  -15000    166.07262    4.28340 3104.62614      166.07304    4.28373 3104.62613      0.0290
  -15100    166.07235    4.28344 3104.62614      166.07278    4.28377 3104.62614      0.0292
  -15200    166.07209    4.28348 3104.62614      166.07252    4.28381 3104.62614      0.0294
  -15300    166.07182    4.28352 3104.62615      166.07226    4.28385 3104.62614      0.0296
  -15400    166.07156    4.28356 3104.62615      166.07200    4.28389 3104.62615      0.0298
  -15500    166.07129    4.28360 3104.62616      166.07173    4.28393 3104.62615      0.0300
  -15600    166.07103    4.28364 3104.62616      166.07147    4.28398 3104.62616      0.0302
  -15700    166.07076    4.28368 3104.62616      166.07121    4.28402 3104.62616      0.0304
  -15800    166.07050    4.28372 3104.62617      166.07095    4.28406 3104.62616      0.0306
  -15900    166.07023    4.28376 3104.62617      166.07068    4.28410 3104.62617      0.0308
  -16000    166.06997    4.28379 3104.62618      166.07042    4.28414 3104.62617      0.0310
  -16100    166.06970    4.28383 3104.62618      166.07016    4.28418 3104.62617      0.0312
  -16200    166.06944    4.28387 3104.62618      166.06990    4.28423 3104.62618      0.0314
  -16300    166.06917    4.28391 3104.62619      166.06963    4.28427 3104.62618      0.0316
  -16400    166.06891    4.28395 3104.62619      166.06937    4.28431 3104.62619      0.0318
  -16500    166.06864    4.28399 3104.62620      166.06911    4.28435 3104.62619      0.0319
  -16600    166.06838    4.28403 3104.62620      166.06885    4.28439 3104.62619      0.0321
  -16700    166.06811    4.28407 3104.62620      166.06859    4.28443 3104.62620      0.0323
  -16800    166.06785    4.28411 3104.62621      166.06832    4.28448 3104.62620      0.0325
  -16900    166.06758    4.28415 3104.62621      166.06806    4.28452 3104.62621      0.0327
  -17000    166.06732    4.28419 3104.62622      166.06780    4.28456 3104.62621      0.0329
  -17100    166.06705    4.28423 3104.62622      166.06754    4.28460 3104.62621      0.0331
  -17200    166.06679    4.28427 3104.62622      166.06727    4.28464 3104.62622      0.0333
  -17300    166.06652    4.28431 3104.62623      166.06701    4.28468 3104.62622      0.0335
  -17400    166.06625    4.28435 3104.62623      166.06675    4.28472 3104.62623      0.0337
  -17500    166.06599    4.28439 3104.62624      166.06649    4.28477 3104.62623      0.0339
  -17600    166.06572    4.28443 3104.62624      166.06622    4.28481 3104.62623      0.0341
  -17700    166.06546    4.28446 3104.62625      166.06596    4.28485 3104.62624      0.0343
  -17800    166.06519    4.28450 3104.62626      166.06570    4.28489 3104.62625      0.0345
  -17900    166.06493    4.28454 3104.62626      166.06544    4.28493 3104.62625      0.0347
  -18000    166.06466    4.28458 3104.62626      166.06518    4.28497 3104.62626      0.0348
  -18100    166.06440    4.28462 3104.62627      166.06491    4.28502 3104.62626      0.0350
  -18200    166.06413    4.28466 3104.62627      166.06465    4.28506 3104.62627      0.0352
  -18300    166.06387    4.28470 3104.62628      166.06439    4.28510 3104.62627      0.0354
  -18400    166.06360    4.28474 3104.62628      166.06413    4.28514 3104.62628      0.0356
  -18500    166.06334    4.28478 3104.62629      166.06386    4.28518 3104.62628      0.0358
  -18600    166.06307    4.28482 3104.62629      166.06360    4.28522 3104.62628      0.0360
  -18700    166.06281    4.28486 3104.62630      166.06334    4.28527 3104.62629      0.0362
  -18800    166.06254    4.28490 3104.62630      166.06308    4.28531 3104.62629      0.0364
  -18900    166.06228    4.28494 3104.62631      166.06282    4.28535 3104.62630      0.0366
  -19000    166.06201    4.28498 3104.62631      166.06255    4.28539 3104.62630      0.0368
  -19100    166.06175    4.28502 3104.62631      166.06229    4.28543 3104.62631      0.0370
  -19200    166.06148    4.28506 3104.62632      166.06203    4.28547 3104.62631      0.0372
  -19300    166.06122    4.28510 3104.62632      166.06177    4.28551 3104.62632      0.0374
  -19400    166.06095    4.28513 3104.62633      166.06150    4.28556 3104.62632      0.0376
  -19500    166.06069    4.28517 3104.62633      166.06124    4.28560 3104.62633      0.0378
  -19600    166.06042    4.28521 3104.62634      166.06098    4.28564 3104.62633      0.0379
  -19700    166.06016    4.28525 3104.62634      166.06072    4.28568 3104.62634      0.0381
  -19800    166.05989    4.28529 3104.62635      166.06045    4.28572 3104.62634      0.0383
  -19900    166.05963    4.28533 3104.62635      166.06019    4.28576 3104.62635      0.0385
  -20000    166.05936    4.28537 3104.62636      166.05993    4.28581 3104.62635      0.0387
  -20100    166.05910    4.28541 3104.62636      166.05967    4.28585 3104.62636      0.0389
  -20200    166.05883    4.28545 3104.62637      166.05941    4.28589 3104.62636      0.0391
  -20300    166.05857    4.28549 3104.62637      166.05914    4.28593 3104.62637      0.0393
  -20400    166.05830    4.28553 3104.62638      166.05888    4.28597 3104.62637      0.0395
  -20500    166.05804    4.28557 3104.62638      166.05862    4.28601 3104.62638      0.0397
  -20600    166.05777    4.28561 3104.62639      166.05836    4.28606 3104.62638      0.0399
  -20700    166.05751    4.28565 3104.62639      166.05809    4.28610 3104.62639      0.0401
  -20800    166.05724    4.28569 3104.62640      166.05783    4.28614 3104.62639      0.0403
  -20900    166.05698    4.28573 3104.62641      166.05757    4.28618 3104.62640      0.0405
  -21000    166.05671    4.28576 3104.62641      166.05731    4.28622 3104.62640      0.0407
  -21100    166.05645    4.28580 3104.62642      166.05705    4.28626 3104.62641      0.0409
  -21200    166.05618    4.28584 3104.62642      166.05678    4.28630 3104.62641      0.0410
  -21300    166.05592    4.28588 3104.62643      166.05652    4.28635 3104.62642      0.0412
  -21400    166.05565    4.28592 3104.62643      166.05626    4.28639 3104.62642      0.0414
  -21500    166.05538    4.28596 3104.62644      166.05600    4.28643 3104.62643      0.0416
  -21600    166.05512    4.28600 3104.62644      166.05573    4.28647 3104.62643      0.0418
  -21700    166.05485    4.28604 3104.62645      166.05547    4.28651 3104.62644      0.0420
  -21800    166.05459    4.28608 3104.62645      166.05521    4.28655 3104.62644      0.0422
  -21900    166.05432    4.28612 3104.62646      166.05495    4.28660 3104.62645      0.0424
  -22000    166.05406    4.28616 3104.62647      166.05468    4.28664 3104.62646      0.0426
  -22100    166.05379    4.28620 3104.62647      166.05442    4.28668 3104.62646      0.0428
  -22200    166.05353    4.28624 3104.62648      166.05416    4.28672 3104.62647      0.0430
  -22300    166.05326    4.28628 3104.62648      166.05390    4.28676 3104.62647      0.0432
  -22400    166.05300    4.28632 3104.62649      166.05364    4.28680 3104.62648      0.0434
  -22500    166.05273    4.28636 3104.62649      166.05337    4.28684 3104.62648      0.0436
  -22600    166.05247    4.28640 3104.62650      166.05311    4.28689 3104.62649      0.0438
  -22700    166.05220    4.28643 3104.62651      166.05285    4.28693 3104.62650      0.0439
  -22800    166.05194    4.28647 3104.62651      166.05259    4.28697 3104.62650      0.0441
  -22900    166.05167    4.28651 3104.62652      166.05232    4.28701 3104.62651      0.0443
  -23000    166.05141    4.28655 3104.62652      166.05206    4.28705 3104.62651      0.0445
  -23100    166.05114    4.28659 3104.62653      166.05180    4.28709 3104.62652      0.0447
  -23200    166.05088    4.28663 3104.62653      166.05154    4.28714 3104.62652      0.0449
  -23300    166.05061    4.28667 3104.62654      166.05128    4.28718 3104.62653      0.0451
  -23400    166.05035    4.28671 3104.62655      166.05101    4.28722 3104.62654      0.0453
  -23500    166.05008    4.28675 3104.62655      166.05075    4.28726 3104.62654      0.0455
  -23600    166.04982    4.28679 3104.62656      166.05049    4.28730 3104.62655      0.0457
  -23700    166.04955    4.28683 3104.62656      166.05023    4.28734 3104.62655      0.0459
  -23800    166.04929    4.28687 3104.62657      166.04996    4.28739 3104.62656      0.0461
  -23900    166.04902    4.28691 3104.62658      166.04970    4.28743 3104.62657      0.0463
  -24000    166.04876    4.28695 3104.62658      166.04944    4.28747 3104.62657      0.0465
  -24100    166.04849    4.28699 3104.62659      166.04918    4.28751 3104.62658      0.0467
  -24200    166.04823    4.28703 3104.62660      166.04891    4.28755 3104.62659      0.0469
  -24300    166.04796    4.28706 3104.62660      166.04865    4.28759 3104.62659      0.0470
  -24400    166.04770    4.28710 3104.62661      166.04839    4.28763 3104.62660      0.0472
  -24500    166.04743    4.28714 3104.62662      166.04813    4.28768 3104.62660      0.0474
  -24600    166.04717    4.28718 3104.62662      166.04787    4.28772 3104.62661      0.0476
  -24700    166.04690    4.28722 3104.62663      166.04760    4.28776 3104.62662      0.0478
  -24800    166.04664    4.28726 3104.62663      166.04734    4.28780 3104.62662      0.0480
  -24900    166.04637    4.28730 3104.62664      166.04708    4.28784 3104.62663      0.0482
  -25000    166.04611    4.28734 3104.62665      166.04682    4.28788 3104.62663      0.0484
  -25100    166.04584    4.28738 3104.62665      166.04655    4.28793 3104.62664      0.0486
  -25200    166.04558    4.28742 3104.62666      166.04629    4.28797 3104.62665      0.0488
  -25300    166.04531    4.28746 3104.62667      166.04603    4.28801 3104.62665      0.0490
  -25400    166.04505    4.28750 3104.62667      166.04577    4.28805 3104.62666      0.0492
  -25500    166.04478    4.28754 3104.62668      166.04551    4.28809 3104.62667      0.0494
  -25600    166.04452    4.28758 3104.62668      166.04524    4.28813 3104.62667      0.0496
  -25700    166.04425    4.28762 3104.62669      166.04498    4.28817 3104.62668      0.0498
  -25800    166.04398    4.28766 3104.62670      166.04472    4.28822 3104.62668      0.0500
  -25900    166.04372    4.28770 3104.62670      166.04446    4.28826 3104.62669      0.0501
  -26000    166.04345    4.28773 3104.62671      166.04419    4.28830 3104.62670      0.0503
  -26100    166.04319    4.28777 3104.62672      166.04393    4.28834 3104.62670      0.0505
  -26200    166.04292    4.28781 3104.62672      166.04367    4.28838 3104.62671      0.0507
  -26300    166.04266    4.28785 3104.62673      166.04341    4.28842 3104.62672      0.0509
  -26400    166.04239    4.28789 3104.62674      166.04314    4.28847 3104.62672      0.0511
  -26500    166.04213    4.28793 3104.62674      166.04288    4.28851 3104.62673      0.0513
  -26600    166.04186    4.28797 3104.62675      166.04262    4.28855 3104.62674      0.0515
  -26700    166.04160    4.28801 3104.62676      166.04236    4.28859 3104.62674      0.0517
  -26800    166.04133    4.28805 3104.62676      166.04210    4.28863 3104.62675      0.0519
  -26900    166.04107    4.28809 3104.62677      166.04183    4.28867 3104.62676      0.0521
  -27000    166.04080    4.28813 3104.62678      166.04157    4.28872 3104.62676      0.0523
  -27100    166.04054    4.28817 3104.62678      166.04131    4.28876 3104.62677      0.0525
  -27200    166.04027    4.28821 3104.62679      166.04105    4.28880 3104.62678      0.0527
  -27300    166.04001    4.28825 3104.62680      166.04078    4.28884 3104.62678      0.0529
  -27400    166.03974    4.28829 3104.62681      166.04052    4.28888 3104.62679      0.0530
  -27500    166.03948    4.28833 3104.62681      166.04026    4.28892 3104.62680      0.0532
  -27600    166.03921    4.28836 3104.62682      166.04000    4.28896 3104.62680      0.0534
  -27700    166.03895    4.28840 3104.62683      166.03974    4.28901 3104.62681      0.0536
  -27800    166.03868    4.28844 3104.62683      166.03947    4.28905 3104.62682      0.0538
  -27900    166.03842    4.28848 3104.62684      166.03921    4.28909 3104.62682      0.0540
  -28000    166.03815    4.28852 3104.62685      166.03895    4.28913 3104.62683      0.0542
  -28100    166.03789    4.28856 3104.62685      166.03869    4.28917 3104.62684      0.0544
  -28200    166.03762    4.28860 3104.62686      166.03842    4.28921 3104.62685      0.0546
  -28300    166.03736    4.28864 3104.62687      166.03816    4.28926 3104.62685      0.0548
  -28400    166.03709    4.28868 3104.62688      166.03790    4.28930 3104.62686      0.0550
  -28500    166.03683    4.28872 3104.62688      166.03764    4.28934 3104.62687      0.0552
  -28600    166.03656    4.28876 3104.62689      166.03737    4.28938 3104.62687      0.0554
  -28700    166.03630    4.28880 3104.62690      166.03711    4.28942 3104.62688      0.0556
  -28800    166.03603    4.28884 3104.62690      166.03685    4.28946 3104.62689      0.0558
  -28900    166.03577    4.28888 3104.62691      166.03659    4.28950 3104.62690      0.0560
  -29000    166.03550    4.28892 3104.62692      166.03633    4.28955 3104.62690      0.0561
  -29100    166.03524    4.28896 3104.62693      166.03606    4.28959 3104.62691      0.0563
  -29200    166.03497    4.28899 3104.62693      166.03580    4.28963 3104.62692      0.0565
  -29300    166.03471    4.28903 3104.62694      166.03554    4.28967 3104.62692      0.0567
  -29400    166.03444    4.28907 3104.62695      166.03528    4.28971 3104.62693      0.0569
  -29500    166.03418    4.28911 3104.62696      166.03501    4.28975 3104.62694      0.0571
  -29600    166.03391    4.28915 3104.62696      166.03475    4.28980 3104.62695      0.0573
  -29700    166.03365    4.28919 3104.62697      166.03449    4.28984 3104.62695      0.0575
  -29800    166.03338    4.28923 3104.62698      166.03423    4.28988 3104.62696      0.0577
  -29900    166.03312    4.28927 3104.62699      166.03397    4.28992 3104.62697      0.0579
  -30000    166.03285    4.28931 3104.62700      166.03370    4.28996 3104.62698      0.0581
  -30100    166.03259    4.28935 3104.62701      166.03344    4.29000 3104.62699      0.0583
  -30200    166.03232    4.28939 3104.62701      166.03318    4.29004 3104.62700      0.0585
  -30300    166.03205    4.28943 3104.62702      166.03292    4.29009 3104.62700      0.0587
  -30400    166.03179    4.28947 3104.62703      166.03265    4.29013 3104.62701      0.0589
  -30500    166.03152    4.28951 3104.62704      166.03239    4.29017 3104.62702      0.0590
  -30600    166.03126    4.28955 3104.62705      166.03213    4.29021 3104.62703      0.0592
  -30700    166.03099    4.28959 3104.62705      166.03187    4.29025 3104.62703      0.0594
  -30800    166.03073    4.28962 3104.62706      166.03161    4.29029 3104.62704      0.0596
  -30900    166.03046    4.28966 3104.62707      166.03134    4.29034 3104.62705      0.0598
  -31000    166.03020    4.28970 3104.62708      166.03108    4.29038 3104.62706      0.0600
  -31100    166.02993    4.28974 3104.62708      166.03082    4.29042 3104.62707      0.0602
  -31200    166.02967    4.28978 3104.62709      166.03056    4.29046 3104.62707      0.0604
  -31300    166.02940    4.28982 3104.62710      166.03029    4.29050 3104.62708      0.0606
  -31400    166.02914    4.28986 3104.62711      166.03003    4.29054 3104.62709      0.0608
  -31500    166.02887    4.28990 3104.62712      166.02977    4.29059 3104.62710      0.0610
  -31600    166.02861    4.28994 3104.62712      166.02951    4.29063 3104.62710      0.0612
  -31700    166.02834    4.28998 3104.62713      166.02924    4.29067 3104.62711      0.0614
  -31800    166.02808    4.29002 3104.62714      166.02898    4.29071 3104.62712      0.0616
  -31900    166.02781    4.29006 3104.62715      166.02872    4.29075 3104.62713      0.0618
  -32000    166.02755    4.29010 3104.62716      166.02846    4.29079 3104.62714      0.0620
  -32100    166.02728    4.29014 3104.62716      166.02820    4.29083 3104.62714      0.0621
  -32200    166.02702    4.29018 3104.62717      166.02793    4.29088 3104.62715      0.0623
  -32300    166.02675    4.29022 3104.62718      166.02767    4.29092 3104.62716      0.0625
  -32400    166.02649    4.29025 3104.62719      166.02741    4.29096 3104.62717      0.0627
  -32500    166.02622    4.29029 3104.62720      166.02715    4.29100 3104.62718      0.0629
  -32600    166.02596    4.29033 3104.62721      166.02688    4.29104 3104.62718      0.0631
  -32700    166.02569    4.29037 3104.62721      166.02662    4.29108 3104.62719      0.0633
  -32800    166.02543    4.29041 3104.62722      166.02636    4.29113 3104.62720      0.0635
  -32900    166.02516    4.29045 3104.62723      166.02610    4.29117 3104.62721      0.0637
  -33000    166.02490    4.29049 3104.62724      166.02584    4.29121 3104.62722      0.0639
  -33100    166.02463    4.29053 3104.62725      166.02557    4.29125 3104.62723      0.0641
  -33200    166.02437    4.29057 3104.62726      166.02531    4.29129 3104.62723      0.0643
  -33300    166.02410    4.29061 3104.62726      166.02505    4.29133 3104.62724      0.0645
  -33400    166.02384    4.29065 3104.62727      166.02479    4.29137 3104.62725      0.0647
  -33500    166.02357    4.29069 3104.62728      166.02452    4.29142 3104.62726      0.0649
  -33600    166.02331    4.29073 3104.62729      166.02426    4.29146 3104.62727      0.0651
  -33700    166.02304    4.29077 3104.62730      166.02400    4.29150 3104.62728      0.0652
  -33800    166.02278    4.29081 3104.62731      166.02374    4.29154 3104.62728      0.0654
  -33900    166.02251    4.29085 3104.62732      166.02348    4.29158 3104.62729      0.0656
  -34000    166.02225    4.29088 3104.62732      166.02321    4.29162 3104.62730      0.0658
  -34100    166.02198    4.29092 3104.62733      166.02295    4.29167 3104.62731      0.0660
  -34200    166.02172    4.29096 3104.62734      166.02269    4.29171 3104.62732      0.0662
  -34300    166.02145    4.29100 3104.62735      166.02243    4.29175 3104.62733      0.0664
  -34400    166.02119    4.29104 3104.62736      166.02216    4.29179 3104.62734      0.0666
  -34500    166.02092    4.29108 3104.62737      166.02190    4.29183 3104.62734      0.0668
  -34600    166.02066    4.29112 3104.62738      166.02164    4.29187 3104.62735      0.0670
  -34700    166.02039    4.29116 3104.62738      166.02138    4.29191 3104.62736      0.0672
  -34800    166.02013    4.29120 3104.62739      166.02111    4.29196 3104.62737      0.0674
  -34900    166.01986    4.29124 3104.62740      166.02085    4.29200 3104.62738      0.0676
  -35000    166.01960    4.29128 3104.62741      166.02059    4.29204 3104.62739      0.0678
  -35100    166.01933    4.29132 3104.62742      166.02033    4.29208 3104.62740      0.0680
  -35200    166.01906    4.29136 3104.62743      166.02007    4.29212 3104.62740      0.0681
  -35300    166.01880    4.29140 3104.62744      166.01980    4.29216 3104.62741      0.0683
  -35400    166.01853    4.29144 3104.62745      166.01954    4.29221 3104.62742      0.0685
  -35500    166.01827    4.29147 3104.62746      166.01928    4.29225 3104.62743      0.0687
  -35600    166.01800    4.29151 3104.62747      166.01902    4.29229 3104.62744      0.0689
  -35700    166.01774    4.29155 3104.62747      166.01875    4.29233 3104.62745      0.0691
  -35800    166.01747    4.29159 3104.62748      166.01849    4.29237 3104.62746      0.0693
  -35900    166.01721    4.29163 3104.62749      166.01823    4.29241 3104.62747      0.0695
  -36000    166.01694    4.29167 3104.62750      166.01797    4.29245 3104.62748      0.0697
  -36100    166.01668    4.29171 3104.62751      166.01771    4.29250 3104.62749      0.0699
  -36200    166.01641    4.29175 3104.62752      166.01744    4.29254 3104.62749      0.0701
  -36300    166.01615    4.29179 3104.62753      166.01718    4.29258 3104.62750      0.0703
  -36400    166.01588    4.29183 3104.62754      166.01692    4.29262 3104.62751      0.0705
  -36500    166.01562    4.29187 3104.62755      166.01666    4.29266 3104.62752      0.0707
  -36600    166.01535    4.29191 3104.62756      166.01639    4.29270 3104.62753      0.0709
  -36700    166.01509    4.29195 3104.62757      166.01613    4.29275 3104.62754      0.0711
  -36800    166.01482    4.29199 3104.62758      166.01587    4.29279 3104.62755      0.0712
  -36900    166.01456    4.29203 3104.62758      166.01561    4.29283 3104.62756      0.0714
  -37000    166.01429    4.29207 3104.62759      166.01535    4.29287 3104.62757      0.0716
  -37100    166.01403    4.29210 3104.62760      166.01508    4.29291 3104.62758      0.0718
  -37200    166.01376    4.29214 3104.62761      166.01482    4.29295 3104.62759      0.0720
  -37300    166.01350    4.29218 3104.62762      166.01456    4.29299 3104.62760      0.0722
  -37400    166.01323    4.29222 3104.62763      166.01430    4.29304 3104.62760      0.0724
  -37500    166.01297    4.29226 3104.62764      166.01403    4.29308 3104.62761      0.0726
  -37600    166.01270    4.29230 3104.62765      166.01377    4.29312 3104.62762      0.0728
  -37700    166.01244    4.29234 3104.62766      166.01351    4.29316 3104.62763      0.0730
  -37800    166.01217    4.29238 3104.62767      166.01325    4.29320 3104.62764      0.0732
  -37900    166.01191    4.29242 3104.62768      166.01298    4.29324 3104.62765      0.0734
  -38000    166.01164    4.29246 3104.62769      166.01272    4.29329 3104.62766      0.0736
  -38100    166.01138    4.29250 3104.62770      166.01246    4.29333 3104.62767      0.0738
  -38200    166.01111    4.29254 3104.62771      166.01220    4.29337 3104.62768      0.0740
  -38300    166.01085    4.29258 3104.62772      166.01194    4.29341 3104.62769      0.0742
  -38400    166.01058    4.29262 3104.62773      166.01167    4.29345 3104.62770      0.0743
  -38500    166.01032    4.29266 3104.62774      166.01141    4.29349 3104.62771      0.0745
  -38600    166.01005    4.29270 3104.62775      166.01115    4.29353 3104.62772      0.0747
  -38700    166.00979    4.29273 3104.62776      166.01089    4.29358 3104.62773      0.0749
  -38800    166.00952    4.29277 3104.62777      166.01062    4.29362 3104.62774      0.0751
  -38900    166.00926    4.29281 3104.62778      166.01036    4.29366 3104.62775      0.0753
  -39000    166.00899    4.29285 3104.62779      166.01010    4.29370 3104.62776      0.0755
  -39100    166.00873    4.29289 3104.62780      166.00984    4.29374 3104.62777      0.0757
  -39200    166.00846    4.29293 3104.62781      166.00958    4.29378 3104.62778      0.0759
  -39300    166.00820    4.29297 3104.62782      166.00931    4.29382 3104.62779      0.0761
  -39400    166.00793    4.29301 3104.62783      166.00905    4.29387 3104.62780      0.0763
  -39500    166.00767    4.29305 3104.62784      166.00879    4.29391 3104.62781      0.0765
  -39600    166.00740    4.29309 3104.62785      166.00853    4.29395 3104.62782      0.0767
  -39700    166.00714    4.29313 3104.62786      166.00826    4.29399 3104.62783      0.0769
  -39800    166.00687    4.29317 3104.62787      166.00800    4.29403 3104.62784      0.0771
  -39900    166.00661    4.29321 3104.62788      166.00774    4.29407 3104.62785      0.0772
  -40000    166.00634    4.29325 3104.62789      166.00748    4.29412 3104.62786      0.0774
  -40100    166.00608    4.29329 3104.62790      166.00722    4.29416 3104.62787      0.0776
  -40200    166.00581    4.29332 3104.62791      166.00695    4.29420 3104.62788      0.0778
  -40300    166.00555    4.29336 3104.62792      166.00669    4.29424 3104.62789      0.0780
  -40400    166.00528    4.29340 3104.62793      166.00643    4.29428 3104.62790      0.0782
  -40500    166.00501    4.29344 3104.62794      166.00617    4.29432 3104.62791      0.0784
  -40600    166.00475    4.29348 3104.62795      166.00590    4.29436 3104.62792      0.0786
  -40700    166.00448    4.29352 3104.62796      166.00564    4.29441 3104.62793      0.0788
  -40800    166.00422    4.29356 3104.62797      166.00538    4.29445 3104.62794      0.0790
  -40900    166.00395    4.29360 3104.62798      166.00512    4.29449 3104.62795      0.0792
  -41000    166.00369    4.29364 3104.62799      166.00486    4.29453 3104.62796      0.0794
  -41100    166.00342    4.29368 3104.62800      166.00459    4.29457 3104.62797      0.0796
  -41200    166.00316    4.29372 3104.62801      166.00433    4.29461 3104.62798      0.0798
  -41300    166.00289    4.29376 3104.62802      166.00407    4.29466 3104.62799      0.0800
  -41400    166.00263    4.29380 3104.62803      166.00381    4.29470 3104.62800      0.0802
  -41500    166.00236    4.29384 3104.62804      166.00354    4.29474 3104.62801      0.0803
  -41600    166.00210    4.29388 3104.62805      166.00328    4.29478 3104.62802      0.0805
  -41700    166.00183    4.29392 3104.62806      166.00302    4.29482 3104.62803      0.0807
  -41800    166.00157    4.29395 3104.62807      166.00276    4.29486 3104.62804      0.0809
  -41900    166.00130    4.29399 3104.62809      166.00250    4.29490 3104.62805      0.0811
  -42000    166.00104    4.29403 3104.62810      166.00223    4.29495 3104.62806      0.0813
  -42100    166.00077    4.29407 3104.62811      166.00197    4.29499 3104.62807      0.0815
  -42200    166.00051    4.29411 3104.62812      166.00171    4.29503 3104.62808      0.0817
  -42300    166.00024    4.29415 3104.62813      166.00145    4.29507 3104.62809      0.0819
  -42400    165.99998    4.29419 3104.62814      166.00118    4.29511 3104.62810      0.0821
  -42500    165.99971    4.29423 3104.62815      166.00092    4.29515 3104.62811      0.0823
  -42600    165.99945    4.29427 3104.62816      166.00066    4.29520 3104.62812      0.0825
  -42700    165.99918    4.29431 3104.62817      166.00040    4.29524 3104.62814      0.0827
  -42800    165.99892    4.29435 3104.62818      166.00013    4.29528 3104.62815      0.0829
  -42900    165.99865    4.29439 3104.62819      165.99987    4.29532 3104.62816      0.0831
  -43000    165.99839    4.29443 3104.62820      165.99961    4.29536 3104.62817      0.0833
  -43100    165.99812    4.29447 3104.62821      165.99935    4.29540 3104.62818      0.0834
  -43200    165.99786    4.29451 3104.62823      165.99909    4.29544 3104.62819      0.0836
  -43300    165.99759    4.29454 3104.62824      165.99882    4.29549 3104.62820      0.0838
  -43400    165.99733    4.29458 3104.62825      165.99856    4.29553 3104.62821      0.0840
  -43500    165.99706    4.29462 3104.62826      165.99830    4.29557 3104.62823      0.0842
  -43600    165.99680    4.29466 3104.62828      165.99804    4.29561 3104.62824      0.0844
  -43700    165.99653    4.29470 3104.62829      165.99777    4.29565 3104.62825      0.0846
  -43800    165.99627    4.29474 3104.62830      165.99751    4.29569 3104.62826      0.0848
  -43900    165.99600    4.29478 3104.62831      165.99725    4.29574 3104.62827      0.0850
  -44000    165.99574    4.29482 3104.62832      165.99699    4.29578 3104.62828      0.0852
  -44100    165.99547    4.29486 3104.62833      165.99673    4.29582 3104.62829      0.0854
  -44200    165.99521    4.29490 3104.62834      165.99646    4.29586 3104.62830      0.0856
  -44300    165.99494    4.29494 3104.62835      165.99620    4.29590 3104.62832      0.0858
  -44400    165.99468    4.29498 3104.62836      165.99594    4.29594 3104.62833      0.0860
  -44500    165.99441    4.29502 3104.62838      165.99568    4.29598 3104.62834      0.0862
  -44600    165.99415    4.29506 3104.62839      165.99541    4.29603 3104.62835      0.0863
  -44700    165.99388    4.29510 3104.62840      165.99515    4.29607 3104.62836      0.0865
  -44800    165.99362    4.29513 3104.62841      165.99489    4.29611 3104.62837      0.0867
  -44900    165.99335    4.29517 3104.62842      165.99463    4.29615 3104.62838      0.0869
  -45000    165.99309    4.29521 3104.62843      165.99437    4.29619 3104.62839      0.0871
  -45100    165.99282    4.29525 3104.62844      165.99410    4.29623 3104.62841      0.0873
  -45200    165.99256    4.29529 3104.62846      165.99384    4.29627 3104.62842      0.0875
  -45300    165.99229    4.29533 3104.62847      165.99358    4.29632 3104.62843      0.0877
  -45400    165.99203    4.29537 3104.62848      165.99332    4.29636 3104.62844      0.0879
  -45500    165.99176    4.29541 3104.62849      165.99305    4.29640 3104.62845      0.0881
  -45600    165.99150    4.29545 3104.62850      165.99279    4.29644 3104.62846      0.0883
  -45700    165.99123    4.29549 3104.62851      165.99253    4.29648 3104.62847      0.0885
  -45800    165.99097    4.29553 3104.62853      165.99227    4.29652 3104.62849      0.0887
  -45900    165.99070    4.29557 3104.62854      165.99201    4.29657 3104.62850      0.0889
  -46000    165.99044    4.29561 3104.62855      165.99174    4.29661 3104.62851      0.0891
  -46100    165.99017    4.29565 3104.62856      165.99148    4.29665 3104.62852      0.0893
  -46200    165.98991    4.29569 3104.62857      165.99122    4.29669 3104.62853      0.0894
  -46300    165.98964    4.29572 3104.62858      165.99096    4.29673 3104.62854      0.0896
  -46400    165.98937    4.29576 3104.62860      165.99069    4.29677 3104.62855      0.0898
  -46500    165.98911    4.29580 3104.62861      165.99043    4.29681 3104.62857      0.0900
  -46600    165.98884    4.29584 3104.62862      165.99017    4.29686 3104.62858      0.0902
  -46700    165.98858    4.29588 3104.62863      165.98991    4.29690 3104.62859      0.0904
  -46800    165.98831    4.29592 3104.62864      165.98965    4.29694 3104.62860      0.0906
  -46900    165.98805    4.29596 3104.62866      165.98938    4.29698 3104.62861      0.0908
  -47000    165.98778    4.29600 3104.62867      165.98912    4.29702 3104.62862      0.0910
  -47100    165.98752    4.29604 3104.62868      165.98886    4.29706 3104.62864      0.0912
  -47200    165.98725    4.29608 3104.62869      165.98860    4.29711 3104.62865      0.0914
  -47300    165.98699    4.29612 3104.62870      165.98833    4.29715 3104.62866      0.0916
  -47400    165.98672    4.29616 3104.62872      165.98807    4.29719 3104.62867      0.0918
  -47500    165.98646    4.29620 3104.62873      165.98781    4.29723 3104.62868      0.0920
  -47600    165.98619    4.29624 3104.62874      165.98755    4.29727 3104.62870      0.0922
  -47700    165.98593    4.29628 3104.62875      165.98729    4.29731 3104.62871      0.0924
  -47800    165.98566    4.29631 3104.62876      165.98702    4.29735 3104.62872      0.0925
  -47900    165.98540    4.29635 3104.62878      165.98676    4.29740 3104.62873      0.0927
  -48000    165.98513    4.29639 3104.62879      165.98650    4.29744 3104.62874      0.0929
  -48100    165.98487    4.29643 3104.62880      165.98624    4.29748 3104.62876      0.0931
  -48200    165.98460    4.29647 3104.62881      165.98597    4.29752 3104.62877      0.0933
  -48300    165.98434    4.29651 3104.62883      165.98571    4.29756 3104.62878      0.0935
  -48400    165.98407    4.29655 3104.62884      165.98545    4.29760 3104.62879      0.0937
  -48500    165.98381    4.29659 3104.62885      165.98519    4.29764 3104.62880      0.0939
  -48600    165.98354    4.29663 3104.62886      165.98493    4.29769 3104.62882      0.0941
  -48700    165.98328    4.29667 3104.62888      165.98466    4.29773 3104.62883      0.0943
  -48800    165.98301    4.29671 3104.62889      165.98440    4.29777 3104.62884      0.0945
  -48900    165.98275    4.29675 3104.62890      165.98414    4.29781 3104.62885      0.0947
  -49000    165.98248    4.29679 3104.62891      165.98388    4.29785 3104.62887      0.0949
  -49100    165.98222    4.29683 3104.62893      165.98361    4.29789 3104.62888      0.0951
  -49200    165.98195    4.29687 3104.62894      165.98335    4.29794 3104.62889      0.0953
  -49300    165.98169    4.29691 3104.62895      165.98309    4.29798 3104.62890      0.0954
  -49400    165.98142    4.29694 3104.62896      165.98283    4.29802 3104.62892      0.0956
  -49500    165.98116    4.29698 3104.62897      165.98256    4.29806 3104.62893      0.0958
  -49600    165.98089    4.29702 3104.62899      165.98230    4.29810 3104.62894      0.0960
  -49700    165.98063    4.29706 3104.62900      165.98204    4.29814 3104.62895      0.0962
  -49800    165.98036    4.29710 3104.62901      165.98178    4.29818 3104.62896      0.0964
  -49900    165.98010    4.29714 3104.62902      165.98152    4.29823 3104.62898      0.0966
  -50000    165.97983    4.29718 3104.62904      165.98125    4.29827 3104.62899      0.0968
  -50100    165.97957    4.29722 3104.62905      165.98099    4.29831 3104.62900      0.0970
  -50200    165.97930    4.29726 3104.62906      165.98073    4.29835 3104.62901      0.0972
  -50300    165.97904    4.29730 3104.62908      165.98047    4.29839 3104.62903      0.0974
  -50400    165.97877    4.29734 3104.62909      165.98020    4.29843 3104.62904      0.0976
  -50500    165.97851    4.29738 3104.62910      165.97994    4.29847 3104.62905      0.0978
  -50600    165.97824    4.29742 3104.62911      165.97968    4.29852 3104.62906      0.0980
  -50700    165.97798    4.29746 3104.62913      165.97942    4.29856 3104.62908      0.0982
  -50800    165.97771    4.29749 3104.62914      165.97916    4.29860 3104.62909      0.0984
  -50900    165.97745    4.29753 3104.62915      165.97889    4.29864 3104.62910      0.0985
  -51000    165.97718    4.29757 3104.62917      165.97863    4.29868 3104.62912      0.0987
  -51100    165.97692    4.29761 3104.62918      165.97837    4.29872 3104.62913      0.0989
  -51200    165.97665    4.29765 3104.62919      165.97811    4.29877 3104.62914      0.0991
  -51300    165.97639    4.29769 3104.62920      165.97784    4.29881 3104.62915      0.0993
  -51400    165.97612    4.29773 3104.62922      165.97758    4.29885 3104.62917      0.0995
  -51500    165.97586    4.29777 3104.62923      165.97732    4.29889 3104.62918      0.0997
  -51600    165.97559    4.29781 3104.62924      165.97706    4.29893 3104.62919      0.0999
  -51700    165.97533    4.29785 3104.62926      165.97680    4.29897 3104.62921      0.1001
  -51800    165.97506    4.29789 3104.62927      165.97653    4.29901 3104.62922      0.1003
  -51900    165.97480    4.29793 3104.62928      165.97627    4.29906 3104.62923      0.1005
  -52000    165.97453    4.29797 3104.62930      165.97601    4.29910 3104.62924      0.1007
  -52100    165.97427    4.29801 3104.62931      165.97575    4.29914 3104.62926      0.1009
  -52200    165.97400    4.29805 3104.62932      165.97548    4.29918 3104.62927      0.1011
  -52300    165.97374    4.29808 3104.62934      165.97522    4.29922 3104.62928      0.1013
  -52400    165.97347    4.29812 3104.62935      165.97496    4.29926 3104.62930      0.1014
  -52500    165.97321    4.29816 3104.62936      165.97470    4.29930 3104.62931      0.1016
  -52600    165.97294    4.29820 3104.62938      165.97444    4.29935 3104.62932      0.1018
  -52700    165.97268    4.29824 3104.62939      165.97417    4.29939 3104.62934      0.1020
  -52800    165.97241    4.29828 3104.62940      165.97391    4.29943 3104.62935      0.1022
  -52900    165.97214    4.29832 3104.62942      165.97365    4.29947 3104.62936      0.1024
  -53000    165.97188    4.29836 3104.62943      165.97339    4.29951 3104.62938      0.1026
  -53100    165.97161    4.29840 3104.62944      165.97312    4.29955 3104.62939      0.1028
  -53200    165.97135    4.29844 3104.62946      165.97286    4.29960 3104.62940      0.1030
  -53300    165.97108    4.29848 3104.62947      165.97260    4.29964 3104.62942      0.1032
  -53400    165.97082    4.29852 3104.62948      165.97234    4.29968 3104.62943      0.1034
  -53500    165.97055    4.29856 3104.62950      165.97208    4.29972 3104.62944      0.1036
  -53600    165.97029    4.29860 3104.62951      165.97181    4.29976 3104.62946      0.1038
  -53700    165.97002    4.29864 3104.62953      165.97155    4.29980 3104.62947      0.1040
  -53800    165.96976    4.29867 3104.62954      165.97129    4.29984 3104.62948      0.1042
  -53900    165.96949    4.29871 3104.62955      165.97103    4.29989 3104.62950      0.1044
  -54000    165.96923    4.29875 3104.62957      165.97076    4.29993 3104.62951      0.1045
  -54100    165.96896    4.29879 3104.62958      165.97050    4.29997 3104.62952      0.1047
  -54200    165.96870    4.29883 3104.62959      165.97024    4.30001 3104.62954      0.1049
  -54300    165.96843    4.29887 3104.62961      165.96998    4.30005 3104.62955      0.1051
  -54400    165.96817    4.29891 3104.62962      165.96972    4.30009 3104.62956      0.1053
  -54500    165.96790    4.29895 3104.62964      165.96945    4.30013 3104.62958      0.1055
  -54600    165.96764    4.29899 3104.62965      165.96919    4.30018 3104.62959      0.1057
  -54700    165.96737    4.29903 3104.62966      165.96893    4.30022 3104.62961      0.1059
  -54800    165.96711    4.29907 3104.62968      165.96867    4.30026 3104.62962      0.1061
  -54900    165.96684    4.29911 3104.62969      165.96840    4.30030 3104.62963      0.1063
  -55000    165.96658    4.29915 3104.62971      165.96814    4.30034 3104.62965      0.1065
  -55100    165.96631    4.29919 3104.62972      165.96788    4.30038 3104.62966      0.1067
  -55200    165.96605    4.29923 3104.62973      165.96762    4.30043 3104.62967      0.1069
  -55300    165.96578    4.29926 3104.62975      165.96736    4.30047 3104.62969      0.1071
  -55400    165.96552    4.29930 3104.62976      165.96709    4.30051 3104.62970      0.1073
  -55500    165.96525    4.29934 3104.62978      165.96683    4.30055 3104.62972      0.1075
  -55600    165.96499    4.29938 3104.62979      165.96657    4.30059 3104.62973      0.1076
  -55700    165.96472    4.29942 3104.62980      165.96631    4.30063 3104.62974      0.1078
  -55800    165.96446    4.29946 3104.62982      165.96604    4.30067 3104.62976      0.1080
  -55900    165.96419    4.29950 3104.62983      165.96578    4.30072 3104.62977      0.1082
  -56000    165.96393    4.29954 3104.62985      165.96552    4.30076 3104.62979      0.1084
  -56100    165.96366    4.29958 3104.62986      165.96526    4.30080 3104.62980      0.1086
  -56200    165.96340    4.29962 3104.62988      165.96500    4.30084 3104.62981      0.1088
  -56300    165.96313    4.29966 3104.62989      165.96473    4.30088 3104.62983      0.1090
  -56400    165.96287    4.29970 3104.62990      165.96447    4.30092 3104.62984      0.1092
  -56500    165.96260    4.29974 3104.62992      165.96421    4.30096 3104.62986      0.1094
  -56600    165.96234    4.29978 3104.62993      165.96395    4.30101 3104.62987      0.1096
  -56700    165.96207    4.29982 3104.62995      165.96368    4.30105 3104.62988      0.1098
  -56800    165.96181    4.29985 3104.62996      165.96342    4.30109 3104.62990      0.1100
  -56900    165.96154    4.29989 3104.62998      165.96316    4.30113 3104.62991      0.1102
  -57000    165.96128    4.29993 3104.62999      165.96290    4.30117 3104.62993      0.1104
  -57100    165.96101    4.29997 3104.63000      165.96264    4.30121 3104.62994      0.1105
  -57200    165.96075    4.30001 3104.63002      165.96237    4.30126 3104.62996      0.1107
  -57300    165.96048    4.30005 3104.63003      165.96211    4.30130 3104.62997      0.1109
  -57400    165.96022    4.30009 3104.63005      165.96185    4.30134 3104.62998      0.1111
  -57500    165.95995    4.30013 3104.63006      165.96159    4.30138 3104.63000      0.1113
  -57600    165.95969    4.30017 3104.63008      165.96132    4.30142 3104.63001      0.1115
  -57700    165.95942    4.30021 3104.63009      165.96106    4.30146 3104.63003      0.1117
  -57800    165.95916    4.30025 3104.63011      165.96080    4.30150 3104.63004      0.1119
  -57900    165.95889    4.30029 3104.63012      165.96054    4.30155 3104.63006      0.1121
  -58000    165.95863    4.30033 3104.63014      165.96028    4.30159 3104.63007      0.1123
  -58100    165.95836    4.30037 3104.63015      165.96001    4.30163 3104.63009      0.1125
  -58200    165.95810    4.30040 3104.63017      165.95975    4.30167 3104.63010      0.1127
  -58300    165.95783    4.30044 3104.63018      165.95949    4.30171 3104.63011      0.1129
  -58400    165.95757    4.30048 3104.63020      165.95923    4.30175 3104.63013      0.1131
  -58500    165.95730    4.30052 3104.63021      165.95896    4.30179 3104.63014      0.1133
  -58600    165.95704    4.30056 3104.63023      165.95870    4.30184 3104.63016      0.1135
  -58700    165.95677    4.30060 3104.63024      165.95844    4.30188 3104.63017      0.1136
  -58800    165.95651    4.30064 3104.63026      165.95818    4.30192 3104.63019      0.1138
  -58900    165.95624    4.30068 3104.63027      165.95792    4.30196 3104.63020      0.1140
  -59000    165.95598    4.30072 3104.63029      165.95765    4.30200 3104.63022      0.1142
  -59100    165.95571    4.30076 3104.63030      165.95739    4.30204 3104.63023      0.1144
  -59200    165.95545    4.30080 3104.63032      165.95713    4.30208 3104.63025      0.1146
  -59300    165.95518    4.30084 3104.63033      165.95687    4.30213 3104.63026      0.1148
  -59400    165.95492    4.30088 3104.63035      165.95660    4.30217 3104.63028      0.1150
  -59500    165.95465    4.30092 3104.63036      165.95634    4.30221 3104.63029      0.1152
  -59600    165.95439    4.30096 3104.63038      165.95608    4.30225 3104.63031      0.1154
  -59700    165.95412    4.30099 3104.63039      165.95582    4.30229 3104.63032      0.1156
  -59800    165.95386    4.30103 3104.63041      165.95556    4.30233 3104.63034      0.1158
  -59900    165.95359    4.30107 3104.63042      165.95529    4.30238 3104.63035      0.1160
  -60000    165.95333    4.30111 3104.63044      165.95503    4.30242 3104.63037      0.1162
  -60100    165.95306    4.30115 3104.63045      165.95477    4.30246 3104.63038      0.1164
  -60200    165.95280    4.30119 3104.63047      165.95451    4.30250 3104.63040      0.1166
  -60300    165.95253    4.30123 3104.63048      165.95424    4.30254 3104.63041      0.1167
  -60400    165.95227    4.30127 3104.63050      165.95398    4.30258 3104.63043      0.1169
  -60500    165.95200    4.30131 3104.63051      165.95372    4.30262 3104.63044      0.1171
  -60600    165.95173    4.30135 3104.63053      165.95346    4.30267 3104.63046      0.1173
  -60700    165.95147    4.30139 3104.63054      165.95320    4.30271 3104.63047      0.1175
  -60800    165.95120    4.30143 3104.63056      165.95293    4.30275 3104.63049      0.1177
  -60900    165.95094    4.30147 3104.63058      165.95267    4.30279 3104.63050      0.1179
  -61000    165.95067    4.30151 3104.63059      165.95241    4.30283 3104.63052      0.1181
  -61100    165.95041    4.30154 3104.63061      165.95215    4.30287 3104.63053      0.1183
  -61200    165.95014    4.30158 3104.63062      165.95188    4.30291 3104.63055      0.1185
  -61300    165.94988    4.30162 3104.63064      165.95162    4.30296 3104.63056      0.1187
  -61400    165.94961    4.30166 3104.63065      165.95136    4.30300 3104.63058      0.1189
  -61500    165.94935    4.30170 3104.63067      165.95110    4.30304 3104.63060      0.1191
  -61600    165.94908    4.30174 3104.63068      165.95084    4.30308 3104.63061      0.1193
  -61700    165.94882    4.30178 3104.63070      165.95057    4.30312 3104.63063      0.1195
  -61800    165.94855    4.30182 3104.63072      165.95031    4.30316 3104.63064      0.1196
  -61900    165.94829    4.30186 3104.63073      165.95005    4.30320 3104.63066      0.1198
  -62000    165.94802    4.30190 3104.63075      165.94979    4.30325 3104.63067      0.1200
  -62100    165.94776    4.30194 3104.63076      165.94952    4.30329 3104.63069      0.1202
  -62200    165.94749    4.30198 3104.63078      165.94926    4.30333 3104.63070      0.1204
  -62300    165.94723    4.30202 3104.63080      165.94900    4.30337 3104.63072      0.1206
  -62400    165.94696    4.30206 3104.63081      165.94874    4.30341 3104.63073      0.1208
  -62500    165.94670    4.30210 3104.63083      165.94848    4.30345 3104.63075      0.1210
  -62600    165.94643    4.30213 3104.63084      165.94821    4.30350 3104.63077      0.1212
  -62700    165.94617    4.30217 3104.63086      165.94795    4.30354 3104.63078      0.1214
  -62800    165.94590    4.30221 3104.63087      165.94769    4.30358 3104.63080      0.1216
  -62900    165.94564    4.30225 3104.63089      165.94743    4.30362 3104.63081      0.1218
  -63000    165.94537    4.30229 3104.63091      165.94716    4.30366 3104.63083      0.1220
  -63100    165.94511    4.30233 3104.63092      165.94690    4.30370 3104.63085      0.1222
  -63200    165.94484    4.30237 3104.63094      165.94664    4.30374 3104.63086      0.1224
  -63300    165.94458    4.30241 3104.63095      165.94638    4.30379 3104.63088      0.1226
  -63400    165.94431    4.30245 3104.63097      165.94612    4.30383 3104.63089      0.1227
  -63500    165.94405    4.30249 3104.63099      165.94585    4.30387 3104.63091      0.1229
  -63600    165.94378    4.30253 3104.63100      165.94559    4.30391 3104.63092      0.1231
  -63700    165.94352    4.30257 3104.63102      165.94533    4.30395 3104.63094      0.1233
  -63800    165.94325    4.30261 3104.63104      165.94507    4.30399 3104.63096      0.1235
  -63900    165.94299    4.30265 3104.63105      165.94481    4.30403 3104.63097      0.1237
  -64000    165.94272    4.30268 3104.63107      165.94454    4.30408 3104.63099      0.1239
  -64100    165.94246    4.30272 3104.63108      165.94428    4.30412 3104.63100      0.1241
  -64200    165.94219    4.30276 3104.63110      165.94402    4.30416 3104.63102      0.1243
  -64300    165.94193    4.30280 3104.63112      165.94376    4.30420 3104.63104      0.1245
  -64400    165.94166    4.30284 3104.63113      165.94349    4.30424 3104.63105      0.1247
  -64500    165.94140    4.30288 3104.63115      165.94323    4.30428 3104.63107      0.1249
  -64600    165.94113    4.30292 3104.63117      165.94297    4.30432 3104.63109      0.1251
  -64700    165.94087    4.30296 3104.63118      165.94271    4.30437 3104.63110      0.1253
  -64800    165.94060    4.30300 3104.63120      165.94245    4.30441 3104.63112      0.1255
  -64900    165.94034    4.30304 3104.63122      165.94218    4.30445 3104.63113      0.1257
  -65000    165.94007    4.30308 3104.63123      165.94192    4.30449 3104.63115      0.1258
  -65100    165.93981    4.30312 3104.63125      165.94166    4.30453 3104.63117      0.1260
  -65200    165.93954    4.30316 3104.63127      165.94140    4.30457 3104.63118      0.1262
  -65300    165.93928    4.30320 3104.63128      165.94113    4.30462 3104.63120      0.1264
  -65400    165.93901    4.30323 3104.63130      165.94087    4.30466 3104.63122      0.1266
  -65500    165.93875    4.30327 3104.63132      165.94061    4.30470 3104.63123      0.1268
  -65600    165.93848    4.30331 3104.63133      165.94035    4.30474 3104.63125      0.1270
  -65700    165.93822    4.30335 3104.63135      165.94009    4.30478 3104.63126      0.1272
  -65800    165.93795    4.30339 3104.63137      165.93982    4.30482 3104.63128      0.1274
  -65900    165.93769    4.30343 3104.63138      165.93956    4.30486 3104.63130      0.1276
  -66000    165.93742    4.30347 3104.63140      165.93930    4.30491 3104.63131      0.1278
  -66100    165.93716    4.30351 3104.63142      165.93904    4.30495 3104.63133      0.1280
  -66200    165.93689    4.30355 3104.63143      165.93877    4.30499 3104.63135      0.1282
  -66300    165.93663    4.30359 3104.63145      165.93851    4.30503 3104.63136      0.1284
  -66400    165.93636    4.30363 3104.63147      165.93825    4.30507 3104.63138      0.1286
  -66500    165.93610    4.30367 3104.63148      165.93799    4.30511 3104.63140      0.1287
  -66600    165.93583    4.30371 3104.63150      165.93773    4.30515 3104.63141      0.1289
  -66700    165.93557    4.30375 3104.63152      165.93746    4.30520 3104.63143      0.1291
  -66800    165.93530    4.30378 3104.63153      165.93720    4.30524 3104.63145      0.1293
  -66900    165.93504    4.30382 3104.63155      165.93694    4.30528 3104.63146      0.1295
  -67000    165.93477    4.30386 3104.63157      165.93668    4.30532 3104.63148      0.1297
  -67100    165.93451    4.30390 3104.63159      165.93641    4.30536 3104.63150      0.1299
  -67200    165.93424    4.30394 3104.63160      165.93615    4.30540 3104.63151      0.1301
  -67300    165.93398    4.30398 3104.63162      165.93589    4.30544 3104.63153      0.1303
  -67400    165.93371    4.30402 3104.63164      165.93563    4.30549 3104.63155      0.1305
  -67500    165.93345    4.30406 3104.63165      165.93537    4.30553 3104.63157      0.1307
  -67600    165.93318    4.30410 3104.63167      165.93510    4.30557 3104.63158      0.1309
  -67700    165.93292    4.30414 3104.63169      165.93484    4.30561 3104.63160      0.1311
  -67800    165.93265    4.30418 3104.63171      165.93458    4.30565 3104.63162      0.1313
  -67900    165.93239    4.30422 3104.63172      165.93432    4.30569 3104.63163      0.1315
  -68000    165.93212    4.30426 3104.63174      165.93405    4.30573 3104.63165      0.1317
  -68100    165.93186    4.30430 3104.63176      165.93379    4.30578 3104.63167      0.1318
  -68200    165.93159    4.30433 3104.63177      165.93353    4.30582 3104.63168      0.1320
  -68300    165.93133    4.30437 3104.63179      165.93327    4.30586 3104.63170      0.1322
  -68400    165.93106    4.30441 3104.63181      165.93301    4.30590 3104.63172      0.1324
  -68500    165.93080    4.30445 3104.63183      165.93274    4.30594 3104.63174      0.1326
  -68600    165.93053    4.30449 3104.63184      165.93248    4.30598 3104.63175      0.1328
  -68700    165.93027    4.30453 3104.63186      165.93222    4.30602 3104.63177      0.1330
  -68800    165.93000    4.30457 3104.63188      165.93196    4.30607 3104.63179      0.1332
  -68900    165.92974    4.30461 3104.63190      165.93169    4.30611 3104.63180      0.1334
  -69000    165.92947    4.30465 3104.63192      165.93143    4.30615 3104.63183      0.1336
  -69100    165.92921    4.30469 3104.63194      165.93117    4.30619 3104.63184      0.1338
  -69200    165.92894    4.30473 3104.63196      165.93091    4.30623 3104.63186      0.1340
  -69300    165.92868    4.30477 3104.63197      165.93065    4.30627 3104.63188      0.1342
  -69400    165.92841    4.30481 3104.63199      165.93038    4.30632 3104.63190      0.1344
  -69500    165.92815    4.30485 3104.63201      165.93012    4.30636 3104.63191      0.1346
  -69600    165.92788    4.30489 3104.63203      165.92986    4.30640 3104.63193      0.1347
  -69700    165.92762    4.30492 3104.63204      165.92960    4.30644 3104.63195      0.1349
  -69800    165.92735    4.30496 3104.63206      165.92933    4.30648 3104.63197      0.1351
  -69900    165.92709    4.30500 3104.63208      165.92907    4.30652 3104.63198      0.1353
  -70000    165.92682    4.30504 3104.63210      165.92881    4.30656 3104.63200      0.1355
  -70100    165.92655    4.30508 3104.63211      165.92855    4.30661 3104.63202      0.1357
  -70200    165.92629    4.30512 3104.63213      165.92829    4.30665 3104.63204      0.1359
  -70300    165.92602    4.30516 3104.63215      165.92802    4.30669 3104.63205      0.1361
  -70400    165.92576    4.30520 3104.63217      165.92776    4.30673 3104.63207      0.1363
  -70500    165.92549    4.30524 3104.63219      165.92750    4.30677 3104.63209      0.1365
  -70600    165.92523    4.30528 3104.63220      165.92724    4.30681 3104.63211      0.1367
  -70700    165.92496    4.30532 3104.63222      165.92698    4.30685 3104.63213      0.1369
  -70800    165.92470    4.30536 3104.63224      165.92671    4.30690 3104.63214      0.1371
  -70900    165.92443    4.30540 3104.63226      165.92645    4.30694 3104.63216      0.1373
  -71000    165.92417    4.30544 3104.63228      165.92619    4.30698 3104.63218      0.1375
  -71100    165.92390    4.30547 3104.63229      165.92593    4.30702 3104.63220      0.1377
  -71200    165.92364    4.30551 3104.63231      165.92566    4.30706 3104.63221      0.1378
  -71300    165.92337    4.30555 3104.63233      165.92540    4.30710 3104.63223      0.1380
  -71400    165.92311    4.30559 3104.63235      165.92514    4.30714 3104.63225      0.1382
  -71500    165.92284    4.30563 3104.63237      165.92488    4.30719 3104.63227      0.1384
  -71600    165.92258    4.30567 3104.63239      165.92462    4.30723 3104.63229      0.1386
  -71700    165.92231    4.30571 3104.63240      165.92435    4.30727 3104.63230      0.1388
  -71800    165.92205    4.30575 3104.63242      165.92409    4.30731 3104.63232      0.1390
  -71900    165.92178    4.30579 3104.63244      165.92383    4.30735 3104.63234      0.1392
  -72000    165.92152    4.30583 3104.63246      165.92357    4.30739 3104.63236      0.1394
  -72100    165.92125    4.30587 3104.63248      165.92330    4.30743 3104.63238      0.1396
  -72200    165.92099    4.30591 3104.63250      165.92304    4.30748 3104.63239      0.1398
  -72300    165.92072    4.30595 3104.63251      165.92278    4.30752 3104.63241      0.1400
  -72400    165.92046    4.30598 3104.63253      165.92252    4.30756 3104.63243      0.1402
  -72500    165.92019    4.30602 3104.63255      165.92226    4.30760 3104.63245      0.1404
  -72600    165.91993    4.30606 3104.63257      165.92199    4.30764 3104.63247      0.1406
  -72700    165.91966    4.30610 3104.63259      165.92173    4.30768 3104.63248      0.1408
  -72800    165.91940    4.30614 3104.63261      165.92147    4.30772 3104.63250      0.1409
  -72900    165.91913    4.30618 3104.63262      165.92121    4.30777 3104.63252      0.1411
  -73000    165.91887    4.30622 3104.63264      165.92094    4.30781 3104.63254      0.1413
  -73100    165.91860    4.30626 3104.63266      165.92068    4.30785 3104.63256      0.1415
  -73200    165.91834    4.30630 3104.63268      165.92042    4.30789 3104.63258      0.1417
  -73300    165.91807    4.30634 3104.63270      165.92016    4.30793 3104.63259      0.1419
  -73400    165.91781    4.30638 3104.63272      165.91990    4.30797 3104.63261      0.1421
  -73500    165.91754    4.30642 3104.63274      165.91963    4.30801 3104.63263      0.1423
  -73600    165.91728    4.30646 3104.63276      165.91937    4.30806 3104.63265      0.1425
  -73700    165.91701    4.30650 3104.63277      165.91911    4.30810 3104.63267      0.1427
  -73800    165.91675    4.30653 3104.63279      165.91885    4.30814 3104.63269      0.1429
  -73900    165.91648    4.30657 3104.63281      165.91858    4.30818 3104.63271      0.1431
  -74000    165.91622    4.30661 3104.63283      165.91832    4.30822 3104.63272      0.1433
  -74100    165.91595    4.30665 3104.63285      165.91806    4.30826 3104.63274      0.1435
  -74200    165.91569    4.30669 3104.63287      165.91780    4.30831 3104.63276      0.1437
  -74300    165.91542    4.30673 3104.63289      165.91754    4.30835 3104.63278      0.1438
  -74400    165.91516    4.30677 3104.63291      165.91727    4.30839 3104.63280      0.1440
  -74500    165.91489    4.30681 3104.63292      165.91701    4.30843 3104.63282      0.1442
  -74600    165.91463    4.30685 3104.63294      165.91675    4.30847 3104.63284      0.1444
  -74700    165.91436    4.30689 3104.63296      165.91649    4.30851 3104.63285      0.1446
  -74800    165.91410    4.30693 3104.63298      165.91622    4.30855 3104.63287      0.1448
  -74900    165.91383    4.30697 3104.63300      165.91596    4.30860 3104.63289      0.1450
  -75000    165.91357    4.30701 3104.63302      165.91570    4.30864 3104.63291      0.1452
  -75100    165.91330    4.30705 3104.63304      165.91544    4.30868 3104.63293      0.1454
  -75200    165.91304    4.30708 3104.63306      165.91518    4.30872 3104.63295      0.1456
  -75300    165.91277    4.30712 3104.63308      165.91491    4.30876 3104.63297      0.1458
  -75400    165.91251    4.30716 3104.63310      165.91465    4.30880 3104.63299      0.1460
  -75500    165.91224    4.30720 3104.63312      165.91439    4.30884 3104.63300      0.1462
  -75600    165.91198    4.30724 3104.63314      165.91413    4.30889 3104.63302      0.1464
  -75700    165.91171    4.30728 3104.63315      165.91387    4.30893 3104.63304      0.1466
  -75800    165.91145    4.30732 3104.63317      165.91360    4.30897 3104.63306      0.1468
  -75900    165.91118    4.30736 3104.63319      165.91334    4.30901 3104.63308      0.1469
  -76000    165.91092    4.30740 3104.63321      165.91308    4.30905 3104.63310      0.1471
  -76100    165.91065    4.30744 3104.63323      165.91282    4.30909 3104.63312      0.1473
  -76200    165.91039    4.30748 3104.63325      165.91255    4.30913 3104.63314      0.1475
  -76300    165.91012    4.30752 3104.63327      165.91229    4.30918 3104.63316      0.1477
  -76400    165.90986    4.30756 3104.63329      165.91203    4.30922 3104.63318      0.1479
  -76500    165.90959    4.30760 3104.63331      165.91177    4.30926 3104.63320      0.1481
  -76600    165.90933    4.30763 3104.63333      165.91151    4.30930 3104.63321      0.1483
  -76700    165.90906    4.30767 3104.63335      165.91124    4.30934 3104.63323      0.1485
  -76800    165.90880    4.30771 3104.63337      165.91098    4.30938 3104.63325      0.1487
  -76900    165.90853    4.30775 3104.63339      165.91072    4.30942 3104.63327      0.1489
  -77000    165.90827    4.30779 3104.63341      165.91046    4.30947 3104.63329      0.1491
  -77100    165.90800    4.30783 3104.63343      165.91019    4.30951 3104.63331      0.1493
  -77200    165.90774    4.30787 3104.63345      165.90993    4.30955 3104.63333      0.1495
  -77300    165.90747    4.30791 3104.63347      165.90967    4.30959 3104.63335      0.1497
  -77400    165.90721    4.30795 3104.63349      165.90941    4.30963 3104.63337      0.1499
  -77500    165.90694    4.30799 3104.63351      165.90915    4.30967 3104.63339      0.1500
  -77600    165.90668    4.30803 3104.63353      165.90888    4.30971 3104.63341      0.1502
  -77700    165.90641    4.30807 3104.63355      165.90862    4.30976 3104.63343      0.1504
  -77800    165.90615    4.30811 3104.63356      165.90836    4.30980 3104.63345      0.1506
  -77900    165.90588    4.30815 3104.63358      165.90810    4.30984 3104.63347      0.1508
  -78000    165.90562    4.30818 3104.63360      165.90783    4.30988 3104.63349      0.1510
  -78100    165.90535    4.30822 3104.63362      165.90757    4.30992 3104.63351      0.1512
  -78200    165.90509    4.30826 3104.63364      165.90731    4.30996 3104.63353      0.1514
  -78300    165.90482    4.30830 3104.63366      165.90705    4.31000 3104.63354      0.1516
  -78400    165.90456    4.30834 3104.63368      165.90679    4.31005 3104.63356      0.1518
  -78500    165.90429    4.30838 3104.63370      165.90652    4.31009 3104.63358      0.1520
  -78600    165.90403    4.30842 3104.63372      165.90626    4.31013 3104.63360      0.1522
  -78700    165.90376    4.30846 3104.63374      165.90600    4.31017 3104.63362      0.1524
  -78800    165.90350    4.30850 3104.63376      165.90574    4.31021 3104.63364      0.1526
  -78900    165.90323    4.30854 3104.63378      165.90548    4.31025 3104.63366      0.1528
  -79000    165.90297    4.30858 3104.63380      165.90521    4.31029 3104.63368      0.1529
  -79100    165.90270    4.30862 3104.63382      165.90495    4.31034 3104.63370      0.1531
  -79200    165.90244    4.30866 3104.63384      165.90469    4.31038 3104.63372      0.1533
  -79300    165.90217    4.30869 3104.63386      165.90443    4.31042 3104.63374      0.1535
  -79400    165.90191    4.30873 3104.63389      165.90416    4.31046 3104.63376      0.1537
  -79500    165.90164    4.30877 3104.63391      165.90390    4.31050 3104.63378      0.1539
  -79600    165.90138    4.30881 3104.63393      165.90364    4.31054 3104.63380      0.1541
  -79700    165.90111    4.30885 3104.63395      165.90338    4.31058 3104.63382      0.1543
  -79800    165.90085    4.30889 3104.63397      165.90312    4.31063 3104.63384      0.1545
  -79900    165.90058    4.30893 3104.63399      165.90285    4.31067 3104.63386      0.1547
  -80000    165.90032    4.30897 3104.63401      165.90259    4.31071 3104.63388      0.1549
  -80100    165.90005    4.30901 3104.63403      165.90233    4.31075 3104.63390      0.1551
  -80200    165.89979    4.30905 3104.63405      165.90207    4.31079 3104.63392      0.1553
  -80300    165.89952    4.30909 3104.63407      165.90180    4.31083 3104.63394      0.1555
  -80400    165.89926    4.30913 3104.63409      165.90154    4.31087 3104.63396      0.1557
  -80500    165.89899    4.30917 3104.63411      165.90128    4.31092 3104.63398      0.1559
  -80600    165.89873    4.30921 3104.63413      165.90102    4.31096 3104.63400      0.1560
  -80700    165.89846    4.30924 3104.63415      165.90076    4.31100 3104.63402      0.1562
  -80800    165.89820    4.30928 3104.63417      165.90049    4.31104 3104.63404      0.1564
  -80900    165.89793    4.30932 3104.63419      165.90023    4.31108 3104.63406      0.1566
  -81000    165.89767    4.30936 3104.63421      165.89997    4.31112 3104.63408      0.1568
  -81100    165.89740    4.30940 3104.63423      165.89971    4.31116 3104.63410      0.1570
  -81200    165.89714    4.30944 3104.63425      165.89944    4.31121 3104.63412      0.1572
  -81300    165.89687    4.30948 3104.63427      165.89918    4.31125 3104.63414      0.1574
  -81400    165.89661    4.30952 3104.63429      165.89892    4.31129 3104.63417      0.1576
  -81500    165.89634    4.30956 3104.63432      165.89866    4.31133 3104.63419      0.1578
  -81600    165.89608    4.30960 3104.63434      165.89840    4.31137 3104.63421      0.1580
  -81700    165.89581    4.30964 3104.63436      165.89813    4.31141 3104.63423      0.1582
  -81800    165.89555    4.30968 3104.63438      165.89787    4.31145 3104.63425      0.1584
  -81900    165.89528    4.30972 3104.63440      165.89761    4.31150 3104.63427      0.1586
  -82000    165.89502    4.30975 3104.63442      165.89735    4.31154 3104.63429      0.1588
  -82100    165.89475    4.30979 3104.63444      165.89709    4.31158 3104.63431      0.1590
  -82200    165.89449    4.30983 3104.63446      165.89682    4.31162 3104.63433      0.1591
  -82300    165.89422    4.30987 3104.63448      165.89656    4.31166 3104.63435      0.1593
  -82400    165.89396    4.30991 3104.63450      165.89630    4.31170 3104.63437      0.1595
  -82500    165.89369    4.30995 3104.63452      165.89604    4.31174 3104.63439      0.1597
  -82600    165.89343    4.30999 3104.63454      165.89577    4.31179 3104.63441      0.1599
  -82700    165.89316    4.31003 3104.63457      165.89551    4.31183 3104.63443      0.1601
  -82800    165.89290    4.31007 3104.63459      165.89525    4.31187 3104.63445      0.1603
  -82900    165.89263    4.31011 3104.63461      165.89499    4.31191 3104.63447      0.1605
  -83000    165.89237    4.31015 3104.63463      165.89473    4.31195 3104.63449      0.1607
  -83100    165.89210    4.31019 3104.63465      165.89446    4.31199 3104.63452      0.1609
  -83200    165.89184    4.31023 3104.63467      165.89420    4.31203 3104.63454      0.1611
  -83300    165.89157    4.31027 3104.63469      165.89394    4.31208 3104.63456      0.1613
  -83400    165.89131    4.31030 3104.63471      165.89368    4.31212 3104.63458      0.1615
  -83500    165.89104    4.31034 3104.63474      165.89341    4.31216 3104.63460      0.1617
  -83600    165.89078    4.31038 3104.63476      165.89315    4.31220 3104.63462      0.1619
  -83700    165.89051    4.31042 3104.63478      165.89289    4.31224 3104.63464      0.1620
  -83800    165.89025    4.31046 3104.63480      165.89263    4.31228 3104.63466      0.1622
  -83900    165.88998    4.31050 3104.63482      165.89237    4.31232 3104.63468      0.1624
  -84000    165.88972    4.31054 3104.63484      165.89210    4.31237 3104.63470      0.1626
  -84100    165.88945    4.31058 3104.63486      165.89184    4.31241 3104.63473      0.1628
  -84200    165.88919    4.31062 3104.63488      165.89158    4.31245 3104.63475      0.1630
  -84300    165.88892    4.31066 3104.63491      165.89132    4.31249 3104.63477      0.1632
  -84400    165.88866    4.31070 3104.63493      165.89106    4.31253 3104.63479      0.1634
  -84500    165.88839    4.31074 3104.63495      165.89079    4.31257 3104.63481      0.1636
  -84600    165.88813    4.31078 3104.63497      165.89053    4.31261 3104.63483      0.1638
  -84700    165.88786    4.31081 3104.63499      165.89027    4.31266 3104.63485      0.1640
  -84800    165.88760    4.31085 3104.63501      165.89001    4.31270 3104.63487      0.1642
  -84900    165.88733    4.31089 3104.63504      165.88974    4.31274 3104.63489      0.1644
  -85000    165.88707    4.31093 3104.63506      165.88948    4.31278 3104.63492      0.1646
  -85100    165.88680    4.31097 3104.63508      165.88922    4.31282 3104.63494      0.1648
  -85200    165.88654    4.31101 3104.63510      165.88896    4.31286 3104.63496      0.1650
  -85300    165.88627    4.31105 3104.63512      165.88870    4.31290 3104.63498      0.1651
  -85400    165.88600    4.31109 3104.63514      165.88843    4.31295 3104.63500      0.1653
  -85500    165.88574    4.31113 3104.63517      165.88817    4.31299 3104.63502      0.1655
  -85600    165.88547    4.31117 3104.63519      165.88791    4.31303 3104.63504      0.1657
  -85700    165.88521    4.31121 3104.63521      165.88765    4.31307 3104.63507      0.1659
  -85800    165.88494    4.31125 3104.63523      165.88738    4.31311 3104.63509      0.1661
  -85900    165.88468    4.31129 3104.63525      165.88712    4.31315 3104.63511      0.1663
  -86000    165.88441    4.31133 3104.63527      165.88686    4.31319 3104.63513      0.1665
  -86100    165.88415    4.31136 3104.63530      165.88660    4.31324 3104.63515      0.1667
  -86200    165.88388    4.31140 3104.63532      165.88634    4.31328 3104.63517      0.1669
  -86300    165.88362    4.31144 3104.63534      165.88607    4.31332 3104.63520      0.1671
  -86400    165.88335    4.31148 3104.63536      165.88581    4.31336 3104.63522      0.1673
  -86500    165.88309    4.31152 3104.63538      165.88555    4.31340 3104.63524      0.1675
  -86600    165.88282    4.31156 3104.63541      165.88529    4.31344 3104.63526      0.1677
  -86700    165.88256    4.31160 3104.63543      165.88503    4.31348 3104.63528      0.1679
  -86800    165.88229    4.31164 3104.63545      165.88476    4.31353 3104.63530      0.1681
  -86900    165.88203    4.31168 3104.63547      165.88450    4.31357 3104.63533      0.1682
  -87000    165.88176    4.31172 3104.63549      165.88424    4.31361 3104.63535      0.1684
  -87100    165.88150    4.31176 3104.63552      165.88398    4.31365 3104.63537      0.1686
  -87200    165.88123    4.31180 3104.63554      165.88371    4.31369 3104.63539      0.1688
  -87300    165.88097    4.31184 3104.63556      165.88345    4.31373 3104.63541      0.1690
  -87400    165.88070    4.31187 3104.63558      165.88319    4.31377 3104.63543      0.1692
  -87500    165.88044    4.31191 3104.63561      165.88293    4.31382 3104.63546      0.1694
  -87600    165.88017    4.31195 3104.63563      165.88267    4.31386 3104.63548      0.1696
  -87700    165.87991    4.31199 3104.63565      165.88240    4.31390 3104.63550      0.1698
  -87800    165.87964    4.31203 3104.63567      165.88214    4.31394 3104.63552      0.1700
  -87900    165.87938    4.31207 3104.63570      165.88188    4.31398 3104.63554      0.1702
  -88000    165.87911    4.31211 3104.63572      165.88162    4.31402 3104.63557      0.1704
  -88100    165.87885    4.31215 3104.63574      165.88135    4.31406 3104.63559      0.1706
  -88200    165.87858    4.31219 3104.63576      165.88109    4.31411 3104.63561      0.1708
  -88300    165.87832    4.31223 3104.63579      165.88083    4.31415 3104.63563      0.1710
  -88400    165.87805    4.31227 3104.63581      165.88057    4.31419 3104.63566      0.1711
  -88500    165.87779    4.31231 3104.63583      165.88031    4.31423 3104.63568      0.1713
  -88600    165.87752    4.31235 3104.63585      165.88004    4.31427 3104.63570      0.1715
  -88700    165.87726    4.31238 3104.63588      165.87978    4.31431 3104.63572      0.1717
  -88800    165.87699    4.31242 3104.63590      165.87952    4.31435 3104.63574      0.1719
  -88900    165.87673    4.31246 3104.63592      165.87926    4.31440 3104.63577      0.1721
  -89000    165.87646    4.31250 3104.63594      165.87900    4.31444 3104.63579      0.1723
  -89100    165.87620    4.31254 3104.63597      165.87873    4.31448 3104.63581      0.1725
  -89200    165.87593    4.31258 3104.63599      165.87847    4.31452 3104.63583      0.1727
  -89300    165.87567    4.31262 3104.63601      165.87821    4.31456 3104.63586      0.1729
  -89400    165.87540    4.31266 3104.63603      165.87795    4.31460 3104.63588      0.1731
  -89500    165.87514    4.31270 3104.63606      165.87768    4.31464 3104.63590      0.1733
  -89600    165.87487    4.31274 3104.63608      165.87742    4.31469 3104.63592      0.1735
  -89700    165.87461    4.31278 3104.63610      165.87716    4.31473 3104.63595      0.1737
  -89800    165.87434    4.31282 3104.63613      165.87690    4.31477 3104.63597      0.1739
  -89900    165.87408    4.31286 3104.63615      165.87664    4.31481 3104.63599      0.1741
  -90000    165.87381    4.31290 3104.63617      165.87637    4.31485 3104.63601      0.1742
  -90100    165.87355    4.31293 3104.63619      165.87611    4.31489 3104.63604      0.1744
  -90200    165.87328    4.31297 3104.63622      165.87585    4.31493 3104.63606      0.1746
  -90300    165.87302    4.31301 3104.63624      165.87559    4.31498 3104.63608      0.1748
  -90400    165.87275    4.31305 3104.63626      165.87532    4.31502 3104.63610      0.1750
  -90500    165.87249    4.31309 3104.63629      165.87506    4.31506 3104.63613      0.1752
  -90600    165.87222    4.31313 3104.63631      165.87480    4.31510 3104.63615      0.1754
  -90700    165.87196    4.31317 3104.63633      165.87454    4.31514 3104.63617      0.1756
  -90800    165.87169    4.31321 3104.63636      165.87428    4.31518 3104.63619      0.1758
  -90900    165.87143    4.31325 3104.63638      165.87401    4.31522 3104.63622      0.1760
  -91000    165.87116    4.31329 3104.63640      165.87375    4.31527 3104.63624      0.1762
  -91100    165.87090    4.31333 3104.63642      165.87349    4.31531 3104.63626      0.1764
  -91200    165.87063    4.31337 3104.63645      165.87323    4.31535 3104.63629      0.1766
  -91300    165.87037    4.31341 3104.63647      165.87297    4.31539 3104.63631      0.1768
  -91400    165.87010    4.31344 3104.63649      165.87270    4.31543 3104.63633      0.1770
  -91500    165.86984    4.31348 3104.63652      165.87244    4.31547 3104.63635      0.1771
  -91600    165.86957    4.31352 3104.63654      165.87218    4.31551 3104.63638      0.1773
  -91700    165.86931    4.31356 3104.63656      165.87192    4.31556 3104.63640      0.1775
  -91800    165.86904    4.31360 3104.63659      165.87165    4.31560 3104.63642      0.1777
  -91900    165.86878    4.31364 3104.63661      165.87139    4.31564 3104.63645      0.1779
  -92000    165.86851    4.31368 3104.63663      165.87113    4.31568 3104.63647      0.1781
  -92100    165.86825    4.31372 3104.63666      165.87087    4.31572 3104.63649      0.1783
  -92200    165.86798    4.31376 3104.63668      165.87061    4.31576 3104.63652      0.1785
  -92300    165.86772    4.31380 3104.63670      165.87034    4.31580 3104.63654      0.1787
  -92400    165.86745    4.31384 3104.63673      165.87008    4.31585 3104.63656      0.1789
  -92500    165.86719    4.31388 3104.63675      165.86982    4.31589 3104.63658      0.1791
  -92600    165.86692    4.31392 3104.63678      165.86956    4.31593 3104.63661      0.1793
  -92700    165.86666    4.31395 3104.63680      165.86929    4.31597 3104.63663      0.1795
  -92800    165.86639    4.31399 3104.63682      165.86903    4.31601 3104.63665      0.1797
  -92900    165.86613    4.31403 3104.63685      165.86877    4.31605 3104.63668      0.1799
  -93000    165.86586    4.31407 3104.63687      165.86851    4.31609 3104.63670      0.1801
  -93100    165.86560    4.31411 3104.63689      165.86825    4.31614 3104.63672      0.1802
  -93200    165.86533    4.31415 3104.63692      165.86798    4.31618 3104.63675      0.1804
  -93300    165.86507    4.31419 3104.63694      165.86772    4.31622 3104.63677      0.1806
  -93400    165.86480    4.31423 3104.63696      165.86746    4.31626 3104.63679      0.1808
  -93500    165.86454    4.31427 3104.63699      165.86720    4.31630 3104.63682      0.1810
  -93600    165.86427    4.31431 3104.63701      165.86694    4.31634 3104.63684      0.1812
  -93700    165.86401    4.31435 3104.63704      165.86667    4.31638 3104.63686      0.1814
  -93800    165.86374    4.31439 3104.63706      165.86641    4.31643 3104.63689      0.1816
  -93900    165.86348    4.31443 3104.63708      165.86615    4.31647 3104.63691      0.1818
  -94000    165.86321    4.31446 3104.63711      165.86589    4.31651 3104.63694      0.1820
  -94100    165.86295    4.31450 3104.63713      165.86562    4.31655 3104.63696      0.1822
  -94200    165.86268    4.31454 3104.63716      165.86536    4.31659 3104.63698      0.1824
  -94300    165.86242    4.31458 3104.63718      165.86510    4.31663 3104.63701      0.1826
  -94400    165.86215    4.31462 3104.63720      165.86484    4.31667 3104.63703      0.1828
  -94500    165.86189    4.31466 3104.63723      165.86458    4.31672 3104.63705      0.1830
  -94600    165.86162    4.31470 3104.63725      165.86431    4.31676 3104.63708      0.1832
  -94700    165.86136    4.31474 3104.63728      165.86405    4.31680 3104.63710      0.1833
  -94800    165.86109    4.31478 3104.63730      165.86379    4.31684 3104.63712      0.1835
  -94900    165.86083    4.31482 3104.63732      165.86353    4.31688 3104.63715      0.1837
  -95000    165.86056    4.31486 3104.63735      165.86326    4.31692 3104.63717      0.1839
  -95100    165.86030    4.31490 3104.63737      165.86300    4.31696 3104.63720      0.1841
  -95200    165.86003    4.31494 3104.63740      165.86274    4.31701 3104.63722      0.1843
  -95300    165.85977    4.31497 3104.63742      165.86248    4.31705 3104.63724      0.1845
  -95400    165.85950    4.31501 3104.63745      165.86222    4.31709 3104.63727      0.1847
  -95500    165.85924    4.31505 3104.63747      165.86195    4.31713 3104.63729      0.1849
  -95600    165.85897    4.31509 3104.63749      165.86169    4.31717 3104.63732      0.1851
  -95700    165.85871    4.31513 3104.63752      165.86143    4.31721 3104.63734      0.1853
  -95800    165.85844    4.31517 3104.63754      165.86117    4.31725 3104.63736      0.1855
  -95900    165.85818    4.31521 3104.63757      165.86091    4.31729 3104.63739      0.1857
  -96000    165.85791    4.31525 3104.63759      165.86064    4.31734 3104.63741      0.1859
  -96100    165.85765    4.31529 3104.63762      165.86038    4.31738 3104.63744      0.1861
  -96200    165.85738    4.31533 3104.63764      165.86012    4.31742 3104.63746      0.1862
  -96300    165.85712    4.31537 3104.63766      165.85986    4.31746 3104.63748      0.1864
  -96400    165.85685    4.31541 3104.63769      165.85959    4.31750 3104.63751      0.1866
  -96500    165.85659    4.31545 3104.63771      165.85933    4.31754 3104.63753      0.1868
  -96600    165.85632    4.31548 3104.63774      165.85907    4.31758 3104.63756      0.1870
  -96700    165.85606    4.31552 3104.63776      165.85881    4.31763 3104.63758      0.1872
  -96800    165.85579    4.31556 3104.63779      165.85855    4.31767 3104.63761      0.1874
  -96900    165.85553    4.31560 3104.63781      165.85828    4.31771 3104.63763      0.1876
  -97000    165.85526    4.31564 3104.63784      165.85802    4.31775 3104.63765      0.1878
  -97100    165.85500    4.31568 3104.63786      165.85776    4.31779 3104.63768      0.1880
  -97200    165.85473    4.31572 3104.63789      165.85750    4.31783 3104.63770      0.1882
  -97300    165.85447    4.31576 3104.63791      165.85724    4.31787 3104.63773      0.1884
  -97400    165.85420    4.31580 3104.63794      165.85697    4.31792 3104.63775      0.1886
  -97500    165.85394    4.31584 3104.63796      165.85671    4.31796 3104.63778      0.1888
  -97600    165.85367    4.31588 3104.63799      165.85645    4.31800 3104.63780      0.1890
  -97700    165.85341    4.31592 3104.63801      165.85619    4.31804 3104.63782      0.1892
  -97800    165.85314    4.31596 3104.63804      165.85592    4.31808 3104.63785      0.1893
  -97900    165.85288    4.31599 3104.63806      165.85566    4.31812 3104.63787      0.1895
  -98000    165.85261    4.31603 3104.63809      165.85540    4.31816 3104.63790      0.1897
  -98100    165.85235    4.31607 3104.63811      165.85514    4.31821 3104.63792      0.1899
  -98200    165.85208    4.31611 3104.63814      165.85488    4.31825 3104.63795      0.1901
  -98300    165.85182    4.31615 3104.63816      165.85461    4.31829 3104.63797      0.1903
  -98400    165.85155    4.31619 3104.63819      165.85435    4.31833 3104.63800      0.1905
  -98500    165.85129    4.31623 3104.63821      165.85409    4.31837 3104.63802      0.1907
  -98600    165.85102    4.31627 3104.63824      165.85383    4.31841 3104.63805      0.1909
  -98700    165.85076    4.31631 3104.63826      165.85357    4.31845 3104.63807      0.1911
  -98800    165.85049    4.31635 3104.63829      165.85330    4.31850 3104.63810      0.1913
  -98900    165.85023    4.31639 3104.63831      165.85304    4.31854 3104.63812      0.1915
  -99000    165.84996    4.31643 3104.63834      165.85278    4.31858 3104.63814      0.1917
  -99100    165.84970    4.31647 3104.63836      165.85252    4.31862 3104.63817      0.1919
  -99200    165.84943    4.31650 3104.63839      165.85225    4.31866 3104.63819      0.1921
  -99300    165.84917    4.31654 3104.63841      165.85199    4.31870 3104.63822      0.1923
  -99400    165.84890    4.31658 3104.63844      165.85173    4.31874 3104.63824      0.1924
  -99500    165.84864    4.31662 3104.63846      165.85147    4.31879 3104.63827      0.1926
  -99600    165.84837    4.31666 3104.63849      165.85121    4.31883 3104.63829      0.1928
  -99700    165.84811    4.31670 3104.63851      165.85094    4.31887 3104.63832      0.1930
  -99800    165.84784    4.31674 3104.63854      165.85068    4.31891 3104.63834      0.1932
  -99900    165.84758    4.31678 3104.63856      165.85042    4.31895 3104.63837      0.1934
