
# Values from file "two_trace/input.tsv", line #4:

# CoordType = 1
# α         = 5h 26m 30.155000s
# δ         = 42° 56′ 23.099000″
# π         = (0.34103 ± 0) mas (2,932, 2,932…2,932 pc)
# RV        = (0 ± 0) km/s
# µ_α*      = (1.44532 ± 0) mas/yr
# µ_δ       = (-2.60274 ± 0) mas/yr
# ID        = 0.0
# Comment   = 

# Values from file "two_trace/input.tsv", line #5:

# CoordType = 1
# α         = 5h 26m 29.249000s
# δ         = 42° 56′ 10.497000″
# π         = (0.34102 ± 0) mas (2,932, 2,932…2,932 pc)
# RV        = (0 ± 0) km/s
# µ_α*      = (0.84486 ± 0) mas/yr
# µ_δ       = (-3.92492 ± 0) mas/yr
# ID        = 0.0
# Comment   = 

# Columns:     Time Long1 Lat1 Dist1  ...
# ColumnUnits: year degree degree parsec degree degree parsec parsec

       0    166.11101    4.28173 2932.29335      166.11239    4.27749 2932.37933      0.2439
    -100    166.11076    4.28174 2932.29335      166.11213    4.27753 2932.37933      0.2420
    -200    166.11052    4.28174 2932.29335      166.11186    4.27757 2932.37933      0.2402
    -300    166.11028    4.28175 2932.29335      166.11160    4.27761 2932.37933      0.2383
    -400    166.11004    4.28176 2932.29335      166.11133    4.27765 2932.37933      0.2364
    -500    166.10980    4.28176 2932.29335      166.11107    4.27769 2932.37933      0.2346
    -600    166.10955    4.28177 2932.29335      166.11081    4.27773 2932.37933      0.2327
    -700    166.10931    4.28178 2932.29335      166.11054    4.27777 2932.37933      0.2309
    -800    166.10907    4.28178 2932.29335      166.11028    4.27782 2932.37933      0.2290
    -900    166.10883    4.28179 2932.29335      166.11002    4.27786 2932.37933      0.2272
   -1000    166.10858    4.28180 2932.29335      166.10975    4.27790 2932.37933      0.2253
   -1100    166.10834    4.28180 2932.29335      166.10949    4.27794 2932.37933      0.2235
   -1200    166.10810    4.28181 2932.29335      166.10923    4.27798 2932.37933      0.2216
   -1300    166.10786    4.28182 2932.29335      166.10896    4.27802 2932.37933      0.2198
   -1400    166.10761    4.28182 2932.29335      166.10870    4.27806 2932.37933      0.2180
   -1500    166.10737    4.28183 2932.29335      166.10843    4.27810 2932.37933      0.2162
   -1600    166.10713    4.28184 2932.29335      166.10817    4.27814 2932.37933      0.2143
   -1700    166.10689    4.28184 2932.29335      166.10791    4.27818 2932.37933      0.2125
   -1800    166.10665    4.28185 2932.29335      166.10764    4.27822 2932.37933      0.2107
   -1900    166.10640    4.28186 2932.29335      166.10738    4.27827 2932.37934      0.2089
   -2000    166.10616    4.28186 2932.29335      166.10712    4.27831 2932.37934      0.2071
   -2100    166.10592    4.28187 2932.29335      166.10685    4.27835 2932.37934      0.2053
   -2200    166.10568    4.28188 2932.29335      166.10659    4.27839 2932.37934      0.2035
   -2300    166.10543    4.28188 2932.29335      166.10632    4.27843 2932.37934      0.2018
   -2400    166.10519    4.28189 2932.29335      166.10606    4.27847 2932.37934      0.2000
   -2500    166.10495    4.28190 2932.29335      166.10580    4.27851 2932.37934      0.1982
   -2600    166.10471    4.28190 2932.29335      166.10553    4.27855 2932.37934      0.1964
   -2700    166.10446    4.28191 2932.29335      166.10527    4.27859 2932.37934      0.1947
   -2800    166.10422    4.28192 2932.29335      166.10501    4.27863 2932.37934      0.1929
   -2900    166.10398    4.28192 2932.29335      166.10474    4.27868 2932.37934      0.1912
   -3000    166.10374    4.28193 2932.29335      166.10448    4.27872 2932.37934      0.1894
   -3100    166.10350    4.28194 2932.29335      166.10422    4.27876 2932.37934      0.1877
   -3200    166.10325    4.28194 2932.29335      166.10395    4.27880 2932.37934      0.1860
   -3300    166.10301    4.28195 2932.29335      166.10369    4.27884 2932.37934      0.1842
   -3400    166.10277    4.28196 2932.29335      166.10342    4.27888 2932.37934      0.1825
   -3500    166.10253    4.28196 2932.29335      166.10316    4.27892 2932.37934      0.1808
   -3600    166.10228    4.28197 2932.29335      166.10290    4.27896 2932.37934      0.1791
   -3700    166.10204    4.28198 2932.29335      166.10263    4.27900 2932.37934      0.1774
   -3800    166.10180    4.28198 2932.29335      166.10237    4.27904 2932.37934      0.1757
   -3900    166.10156    4.28199 2932.29335      166.10211    4.27909 2932.37934      0.1740
   -4000    166.10131    4.28200 2932.29335      166.10184    4.27913 2932.37934      0.1724
   -4100    166.10107    4.28200 2932.29335      166.10158    4.27917 2932.37934      0.1707
   -4200    166.10083    4.28201 2932.29335      166.10131    4.27921 2932.37934      0.1691
   -4300    166.10059    4.28202 2932.29335      166.10105    4.27925 2932.37934      0.1674
   -4400    166.10035    4.28202 2932.29335      166.10079    4.27929 2932.37935      0.1658
   -4500    166.10010    4.28203 2932.29335      166.10052    4.27933 2932.37935      0.1642
   -4600    166.09986    4.28204 2932.29336      166.10026    4.27937 2932.37935      0.1625
   -4700    166.09962    4.28204 2932.29336      166.10000    4.27941 2932.37935      0.1609
   -4800    166.09938    4.28205 2932.29336      166.09973    4.27945 2932.37935      0.1594
   -4900    166.09913    4.28206 2932.29336      166.09947    4.27950 2932.37935      0.1578
   -5000    166.09889    4.28206 2932.29336      166.09921    4.27954 2932.37935      0.1562
   -5100    166.09865    4.28207 2932.29336      166.09894    4.27958 2932.37935      0.1546
   -5200    166.09841    4.28208 2932.29336      166.09868    4.27962 2932.37935      0.1531
   -5300    166.09816    4.28208 2932.29336      166.09841    4.27966 2932.37935      0.1516
   -5400    166.09792    4.28209 2932.29336      166.09815    4.27970 2932.37935      0.1500
   -5500    166.09768    4.28210 2932.29336      166.09789    4.27974 2932.37935      0.1485
   -5600    166.09744    4.28210 2932.29336      166.09762    4.27978 2932.37935      0.1470
   -5700    166.09720    4.28211 2932.29336      166.09736    4.27982 2932.37935      0.1456
   -5800    166.09695    4.28212 2932.29336      166.09710    4.27986 2932.37935      0.1441
   -5900    166.09671    4.28213 2932.29336      166.09683    4.27990 2932.37936      0.1426
   -6000    166.09647    4.28213 2932.29336      166.09657    4.27995 2932.37936      0.1412
   -6100    166.09623    4.28214 2932.29336      166.09631    4.27999 2932.37936      0.1398
   -6200    166.09598    4.28215 2932.29336      166.09604    4.28003 2932.37936      0.1384
   -6300    166.09574    4.28215 2932.29336      166.09578    4.28007 2932.37936      0.1370
   -6400    166.09550    4.28216 2932.29336      166.09551    4.28011 2932.37936      0.1356
   -6500    166.09526    4.28217 2932.29336      166.09525    4.28015 2932.37936      0.1343
   -6600    166.09501    4.28217 2932.29337      166.09499    4.28019 2932.37936      0.1329
   -6700    166.09477    4.28218 2932.29337      166.09472    4.28023 2932.37936      0.1316
   -6800    166.09453    4.28219 2932.29337      166.09446    4.28027 2932.37937      0.1303
   -6900    166.09429    4.28219 2932.29337      166.09420    4.28031 2932.37937      0.1290
   -7000    166.09405    4.28220 2932.29337      166.09393    4.28036 2932.37937      0.1278
   -7100    166.09380    4.28221 2932.29337      166.09367    4.28040 2932.37937      0.1265
   -7200    166.09356    4.28221 2932.29337      166.09341    4.28044 2932.37937      0.1253
   -7300    166.09332    4.28222 2932.29337      166.09314    4.28048 2932.37937      0.1241
   -7400    166.09308    4.28223 2932.29337      166.09288    4.28052 2932.37937      0.1230
   -7500    166.09283    4.28223 2932.29337      166.09261    4.28056 2932.37937      0.1218
   -7600    166.09259    4.28224 2932.29338      166.09235    4.28060 2932.37938      0.1207
   -7700    166.09235    4.28225 2932.29338      166.09209    4.28064 2932.37938      0.1196
   -7800    166.09211    4.28225 2932.29338      166.09182    4.28068 2932.37938      0.1186
   -7900    166.09186    4.28226 2932.29338      166.09156    4.28072 2932.37938      0.1175
   -8000    166.09162    4.28227 2932.29338      166.09130    4.28077 2932.37938      0.1165
   -8100    166.09138    4.28227 2932.29338      166.09103    4.28081 2932.37938      0.1155
   -8200    166.09114    4.28228 2932.29338      166.09077    4.28085 2932.37939      0.1146
   -8300    166.09090    4.28229 2932.29338      166.09050    4.28089 2932.37939      0.1136
   -8400    166.09065    4.28229 2932.29339      166.09024    4.28093 2932.37939      0.1127
   -8500    166.09041    4.28230 2932.29339      166.08998    4.28097 2932.37939      0.1119
   -8600    166.09017    4.28231 2932.29339      166.08971    4.28101 2932.37939      0.1110
   -8700    166.08993    4.28231 2932.29339      166.08945    4.28105 2932.37939      0.1102
   -8800    166.08968    4.28232 2932.29339      166.08919    4.28109 2932.37940      0.1095
   -8900    166.08944    4.28233 2932.29339      166.08892    4.28113 2932.37940      0.1087
   -9000    166.08920    4.28233 2932.29339      166.08866    4.28117 2932.37940      0.1080
   -9100    166.08896    4.28234 2932.29339      166.08840    4.28122 2932.37940      0.1074
   -9200    166.08871    4.28235 2932.29340      166.08813    4.28126 2932.37940      0.1067
   -9300    166.08847    4.28235 2932.29340      166.08787    4.28130 2932.37940      0.1061
   -9400    166.08823    4.28236 2932.29340      166.08760    4.28134 2932.37941      0.1056
   -9500    166.08799    4.28237 2932.29340      166.08734    4.28138 2932.37941      0.1051
   -9600    166.08775    4.28237 2932.29340      166.08708    4.28142 2932.37941      0.1046
   -9700    166.08750    4.28238 2932.29340      166.08681    4.28146 2932.37941      0.1041
   -9800    166.08726    4.28239 2932.29340      166.08655    4.28150 2932.37941      0.1037
   -9900    166.08702    4.28239 2932.29341      166.08629    4.28154 2932.37942      0.1034
  -10000    166.08678    4.28240 2932.29341      166.08602    4.28158 2932.37942      0.1030
  -10100    166.08653    4.28241 2932.29341      166.08576    4.28163 2932.37942      0.1028
  -10200    166.08629    4.28241 2932.29341      166.08550    4.28167 2932.37942      0.1025
  -10300    166.08605    4.28242 2932.29341      166.08523    4.28171 2932.37942      0.1023
  -10400    166.08581    4.28243 2932.29341      166.08497    4.28175 2932.37943      0.1022
  -10500    166.08556    4.28243 2932.29342      166.08470    4.28179 2932.37943      0.1020
  -10600    166.08532    4.28244 2932.29342      166.08444    4.28183 2932.37943      0.1020
  -10700    166.08508    4.28245 2932.29342      166.08418    4.28187 2932.37943      0.1019
  -10800    166.08484    4.28245 2932.29342      166.08391    4.28191 2932.37944      0.1019
  -10900    166.08460    4.28246 2932.29342      166.08365    4.28195 2932.37944      0.1020
  -11000    166.08435    4.28247 2932.29342      166.08339    4.28199 2932.37944      0.1021
  -11100    166.08411    4.28247 2932.29343      166.08312    4.28204 2932.37944      0.1022
  -11200    166.08387    4.28248 2932.29343      166.08286    4.28208 2932.37945      0.1024
  -11300    166.08363    4.28249 2932.29343      166.08260    4.28212 2932.37945      0.1026
  -11400    166.08338    4.28249 2932.29343      166.08233    4.28216 2932.37945      0.1029
  -11500    166.08314    4.28250 2932.29343      166.08207    4.28220 2932.37945      0.1032
  -11600    166.08290    4.28251 2932.29344      166.08180    4.28224 2932.37945      0.1035
  -11700    166.08266    4.28251 2932.29344      166.08154    4.28228 2932.37946      0.1039
  -11800    166.08241    4.28252 2932.29344      166.08128    4.28232 2932.37946      0.1043
  -11900    166.08217    4.28253 2932.29344      166.08101    4.28236 2932.37946      0.1047
  -12000    166.08193    4.28253 2932.29344      166.08075    4.28240 2932.37946      0.1052
  -12100    166.08169    4.28254 2932.29344      166.08049    4.28244 2932.37947      0.1058
  -12200    166.08145    4.28255 2932.29345      166.08022    4.28249 2932.37947      0.1063
  -12300    166.08120    4.28255 2932.29345      166.07996    4.28253 2932.37947      0.1069
  -12400    166.08096    4.28256 2932.29345      166.07969    4.28257 2932.37948      0.1076
  -12500    166.08072    4.28257 2932.29345      166.07943    4.28261 2932.37948      0.1083
  -12600    166.08048    4.28257 2932.29346      166.07917    4.28265 2932.37948      0.1090
  -12700    166.08023    4.28258 2932.29346      166.07890    4.28269 2932.37948      0.1097
  -12800    166.07999    4.28259 2932.29346      166.07864    4.28273 2932.37949      0.1105
  -12900    166.07975    4.28259 2932.29346      166.07838    4.28277 2932.37949      0.1113
  -13000    166.07951    4.28260 2932.29346      166.07811    4.28281 2932.37949      0.1122
  -13100    166.07926    4.28261 2932.29347      166.07785    4.28285 2932.37950      0.1130
  -13200    166.07902    4.28261 2932.29347      166.07759    4.28290 2932.37950      0.1139
  -13300    166.07878    4.28262 2932.29347      166.07732    4.28294 2932.37950      0.1149
  -13400    166.07854    4.28263 2932.29347      166.07706    4.28298 2932.37950      0.1159
  -13500    166.07830    4.28263 2932.29348      166.07679    4.28302 2932.37951      0.1168
  -13600    166.07805    4.28264 2932.29348      166.07653    4.28306 2932.37951      0.1179
  -13700    166.07781    4.28265 2932.29348      166.07627    4.28310 2932.37951      0.1189
  -13800    166.07757    4.28265 2932.29348      166.07600    4.28314 2932.37952      0.1200
  -13900    166.07733    4.28266 2932.29349      166.07574    4.28318 2932.37952      0.1211
  -14000    166.07708    4.28267 2932.29349      166.07548    4.28322 2932.37952      0.1222
  -14100    166.07684    4.28267 2932.29349      166.07521    4.28326 2932.37953      0.1234
  -14200    166.07660    4.28268 2932.29349      166.07495    4.28330 2932.37953      0.1246
  -14300    166.07636    4.28269 2932.29349      166.07469    4.28335 2932.37953      0.1258
  -14400    166.07611    4.28269 2932.29350      166.07442    4.28339 2932.37954      0.1270
  -14500    166.07587    4.28270 2932.29351      166.07416    4.28343 2932.37954      0.1282
  -14600    166.07563    4.28271 2932.29351      166.07389    4.28347 2932.37955      0.1295
  -14700    166.07539    4.28271 2932.29351      166.07363    4.28351 2932.37955      0.1308
  -14800    166.07515    4.28272 2932.29351      166.07337    4.28355 2932.37955      0.1321
  -14900    166.07490    4.28273 2932.29352      166.07310    4.28359 2932.37956      0.1334
  -15000    166.07466    4.28273 2932.29352      166.07284    4.28363 2932.37956      0.1347
  -15100    166.07442    4.28274 2932.29352      166.07258    4.28367 2932.37956      0.1361
  -15200    166.07418    4.28275 2932.29352      166.07231    4.28371 2932.37957      0.1375
  -15300    166.07393    4.28275 2932.29353      166.07205    4.28376 2932.37957      0.1389
  -15400    166.07369    4.28276 2932.29353      166.07179    4.28380 2932.37957      0.1403
  -15500    166.07345    4.28277 2932.29353      166.07152    4.28384 2932.37958      0.1417
  -15600    166.07321    4.28277 2932.29353      166.07126    4.28388 2932.37958      0.1431
  -15700    166.07297    4.28278 2932.29354      166.07099    4.28392 2932.37959      0.1446
  -15800    166.07272    4.28279 2932.29354      166.07073    4.28396 2932.37959      0.1461
  -15900    166.07248    4.28279 2932.29354      166.07047    4.28400 2932.37959      0.1476
  -16000    166.07224    4.28280 2932.29355      166.07020    4.28404 2932.37960      0.1491
  -16100    166.07200    4.28281 2932.29355      166.06994    4.28408 2932.37960      0.1506
  -16200    166.07175    4.28281 2932.29355      166.06968    4.28412 2932.37960      0.1521
  -16300    166.07151    4.28282 2932.29355      166.06941    4.28416 2932.37961      0.1536
  -16400    166.07127    4.28283 2932.29356      166.06915    4.28421 2932.37961      0.1552
  -16500    166.07103    4.28283 2932.29356      166.06889    4.28425 2932.37961      0.1567
  -16600    166.07078    4.28284 2932.29356      166.06862    4.28429 2932.37962      0.1583
  -16700    166.07054    4.28285 2932.29357      166.06836    4.28433 2932.37962      0.1599
  -16800    166.07030    4.28286 2932.29357      166.06809    4.28437 2932.37963      0.1615
  -16900    166.07006    4.28286 2932.29357      166.06783    4.28441 2932.37963      0.1631
  -17000    166.06982    4.28287 2932.29358      166.06757    4.28445 2932.37963      0.1647
  -17100    166.06957    4.28288 2932.29358      166.06730    4.28449 2932.37964      0.1664
  -17200    166.06933    4.28288 2932.29358      166.06704    4.28453 2932.37964      0.1680
  -17300    166.06909    4.28289 2932.29358      166.06678    4.28457 2932.37965      0.1696
  -17400    166.06885    4.28290 2932.29359      166.06651    4.28462 2932.37965      0.1713
  -17500    166.06860    4.28290 2932.29360      166.06625    4.28466 2932.37966      0.1730
  -17600    166.06836    4.28291 2932.29360      166.06599    4.28470 2932.37966      0.1746
  -17700    166.06812    4.28292 2932.29360      166.06572    4.28474 2932.37967      0.1763
  -17800    166.06788    4.28292 2932.29361      166.06546    4.28478 2932.37967      0.1780
  -17900    166.06763    4.28293 2932.29361      166.06519    4.28482 2932.37968      0.1797
  -18000    166.06739    4.28294 2932.29361      166.06493    4.28486 2932.37968      0.1814
  -18100    166.06715    4.28294 2932.29362      166.06467    4.28490 2932.37968      0.1831
  -18200    166.06691    4.28295 2932.29362      166.06440    4.28494 2932.37969      0.1848
  -18300    166.06667    4.28296 2932.29362      166.06414    4.28498 2932.37969      0.1866
  -18400    166.06642    4.28296 2932.29363      166.06388    4.28502 2932.37970      0.1883
  -18500    166.06618    4.28297 2932.29363      166.06361    4.28507 2932.37970      0.1900
  -18600    166.06594    4.28298 2932.29363      166.06335    4.28511 2932.37971      0.1918
  -18700    166.06570    4.28298 2932.29364      166.06309    4.28515 2932.37971      0.1935
  -18800    166.06545    4.28299 2932.29364      166.06282    4.28519 2932.37971      0.1953
  -18900    166.06521    4.28300 2932.29364      166.06256    4.28523 2932.37972      0.1970
  -19000    166.06497    4.28300 2932.29365      166.06229    4.28527 2932.37972      0.1988
  -19100    166.06473    4.28301 2932.29365      166.06203    4.28531 2932.37973      0.2006
  -19200    166.06449    4.28302 2932.29365      166.06177    4.28535 2932.37973      0.2024
  -19300    166.06424    4.28302 2932.29366      166.06150    4.28539 2932.37974      0.2042
  -19400    166.06400    4.28303 2932.29366      166.06124    4.28543 2932.37974      0.2059
  -19500    166.06376    4.28304 2932.29366      166.06098    4.28547 2932.37975      0.2077
  -19600    166.06352    4.28304 2932.29367      166.06071    4.28552 2932.37975      0.2095
  -19700    166.06327    4.28305 2932.29367      166.06045    4.28556 2932.37975      0.2114
  -19800    166.06303    4.28306 2932.29368      166.06019    4.28560 2932.37976      0.2132
  -19900    166.06279    4.28306 2932.29368      166.05992    4.28564 2932.37976      0.2150
  -20000    166.06255    4.28307 2932.29368      166.05966    4.28568 2932.37977      0.2168
  -20100    166.06230    4.28308 2932.29369      166.05939    4.28572 2932.37977      0.2186
  -20200    166.06206    4.28308 2932.29369      166.05913    4.28576 2932.37978      0.2205
  -20300    166.06182    4.28309 2932.29369      166.05887    4.28580 2932.37978      0.2223
  -20400    166.06158    4.28310 2932.29370      166.05860    4.28584 2932.37979      0.2241
  -20500    166.06134    4.28310 2932.29370      166.05834    4.28588 2932.37979      0.2260
  -20600    166.06109    4.28311 2932.29371      166.05808    4.28593 2932.37980      0.2278
  -20700    166.06085    4.28312 2932.29371      166.05781    4.28597 2932.37980      0.2297
  -20800    166.06061    4.28312 2932.29371      166.05755    4.28601 2932.37981      0.2315
  -20900    166.06037    4.28313 2932.29372      166.05729    4.28605 2932.37981      0.2334
  -21000    166.06012    4.28314 2932.29372      166.05702    4.28609 2932.37982      0.2352
  -21100    166.05988    4.28314 2932.29373      166.05676    4.28613 2932.37982      0.2371
  -21200    166.05964    4.28315 2932.29373      166.05649    4.28617 2932.37983      0.2389
  -21300    166.05940    4.28316 2932.29373      166.05623    4.28621 2932.37983      0.2408
  -21400    166.05915    4.28316 2932.29374      166.05597    4.28625 2932.37984      0.2427
  -21500    166.05891    4.28317 2932.29374      166.05570    4.28629 2932.37984      0.2446
  -21600    166.05867    4.28318 2932.29375      166.05544    4.28633 2932.37985      0.2464
  -21700    166.05843    4.28318 2932.29375      166.05518    4.28638 2932.37985      0.2483
  -21800    166.05819    4.28319 2932.29375      166.05491    4.28642 2932.37986      0.2502
  -21900    166.05794    4.28320 2932.29376      166.05465    4.28646 2932.37986      0.2521
  -22000    166.05770    4.28320 2932.29376      166.05439    4.28650 2932.37987      0.2540
  -22100    166.05746    4.28321 2932.29377      166.05412    4.28654 2932.37987      0.2559
  -22200    166.05722    4.28322 2932.29377      166.05386    4.28658 2932.37988      0.2578
  -22300    166.05697    4.28322 2932.29378      166.05359    4.28662 2932.37989      0.2597
  -22400    166.05673    4.28323 2932.29378      166.05333    4.28666 2932.37989      0.2616
  -22500    166.05649    4.28324 2932.29378      166.05307    4.28670 2932.37990      0.2635
  -22600    166.05625    4.28324 2932.29379      166.05280    4.28674 2932.37990      0.2654
  -22700    166.05601    4.28325 2932.29379      166.05254    4.28678 2932.37991      0.2673
  -22800    166.05576    4.28326 2932.29380      166.05228    4.28683 2932.37991      0.2692
  -22900    166.05552    4.28326 2932.29380      166.05201    4.28687 2932.37992      0.2711
  -23000    166.05528    4.28327 2932.29381      166.05175    4.28691 2932.37992      0.2730
  -23100    166.05504    4.28328 2932.29381      166.05149    4.28695 2932.37993      0.2749
  -23200    166.05479    4.28328 2932.29381      166.05122    4.28699 2932.37993      0.2769
  -23300    166.05455    4.28329 2932.29382      166.05096    4.28703 2932.37994      0.2788
  -23400    166.05431    4.28330 2932.29382      166.05069    4.28707 2932.37995      0.2807
  -23500    166.05407    4.28330 2932.29383      166.05043    4.28711 2932.37995      0.2826
  -23600    166.05382    4.28331 2932.29383      166.05017    4.28715 2932.37996      0.2846
  -23700    166.05358    4.28332 2932.29384      166.04990    4.28719 2932.37996      0.2865
  -23800    166.05334    4.28332 2932.29384      166.04964    4.28724 2932.37997      0.2884
  -23900    166.05310    4.28333 2932.29385      166.04938    4.28728 2932.37997      0.2903
  -24000    166.05286    4.28334 2932.29385      166.04911    4.28732 2932.37998      0.2923
  -24100    166.05261    4.28334 2932.29386      166.04885    4.28736 2932.37999      0.2942
  -24200    166.05237    4.28335 2932.29386      166.04859    4.28740 2932.37999      0.2962
  -24300    166.05213    4.28336 2932.29387      166.04832    4.28744 2932.38000      0.2981
  -24400    166.05189    4.28336 2932.29387      166.04806    4.28748 2932.38000      0.3000
  -24500    166.05164    4.28337 2932.29387      166.04779    4.28752 2932.38001      0.3020
  -24600    166.05140    4.28338 2932.29388      166.04753    4.28756 2932.38002      0.3039
  -24700    166.05116    4.28338 2932.29388      166.04727    4.28760 2932.38002      0.3059
  -24800    166.05092    4.28339 2932.29389      166.04700    4.28764 2932.38003      0.3078
  -24900    166.05068    4.28340 2932.29389      166.04674    4.28769 2932.38003      0.3098
  -25000    166.05043    4.28340 2932.29390      166.04648    4.28773 2932.38004      0.3117
  -25100    166.05019    4.28341 2932.29390      166.04621    4.28777 2932.38005      0.3137
  -25200    166.04995    4.28342 2932.29391      166.04595    4.28781 2932.38005      0.3156
  -25300    166.04971    4.28342 2932.29391      166.04569    4.28785 2932.38006      0.3176
  -25400    166.04946    4.28343 2932.29392      166.04542    4.28789 2932.38006      0.3195
  -25500    166.04922    4.28344 2932.29392      166.04516    4.28793 2932.38007      0.3215
  -25600    166.04898    4.28344 2932.29393      166.04489    4.28797 2932.38008      0.3234
  -25700    166.04874    4.28345 2932.29393      166.04463    4.28801 2932.38008      0.3254
  -25800    166.04849    4.28346 2932.29394      166.04437    4.28805 2932.38009      0.3274
  -25900    166.04825    4.28346 2932.29394      166.04410    4.28809 2932.38009      0.3293
  -26000    166.04801    4.28347 2932.29395      166.04384    4.28814 2932.38010      0.3313
  -26100    166.04777    4.28348 2932.29395      166.04358    4.28818 2932.38011      0.3333
  -26200    166.04753    4.28348 2932.29396      166.04331    4.28822 2932.38011      0.3352
  -26300    166.04728    4.28349 2932.29396      166.04305    4.28826 2932.38012      0.3372
  -26400    166.04704    4.28350 2932.29397      166.04279    4.28830 2932.38013      0.3392
  -26500    166.04680    4.28350 2932.29397      166.04252    4.28834 2932.38013      0.3411
  -26600    166.04656    4.28351 2932.29398      166.04226    4.28838 2932.38014      0.3431
  -26700    166.04631    4.28352 2932.29398      166.04199    4.28842 2932.38014      0.3451
  -26800    166.04607    4.28352 2932.29399      166.04173    4.28846 2932.38015      0.3470
  -26900    166.04583    4.28353 2932.29399      166.04147    4.28850 2932.38016      0.3490
  -27000    166.04559    4.28354 2932.29400      166.04120    4.28854 2932.38016      0.3510
  -27100    166.04535    4.28354 2932.29400      166.04094    4.28859 2932.38017      0.3530
  -27200    166.04510    4.28355 2932.29401      166.04068    4.28863 2932.38018      0.3550
  -27300    166.04486    4.28356 2932.29401      166.04041    4.28867 2932.38018      0.3569
  -27400    166.04462    4.28356 2932.29402      166.04015    4.28871 2932.38019      0.3589
  -27500    166.04438    4.28357 2932.29402      166.03989    4.28875 2932.38020      0.3609
  -27600    166.04413    4.28358 2932.29403      166.03962    4.28879 2932.38020      0.3629
  -27700    166.04389    4.28358 2932.29403      166.03936    4.28883 2932.38021      0.3649
  -27800    166.04365    4.28359 2932.29404      166.03909    4.28887 2932.38022      0.3668
  -27900    166.04341    4.28360 2932.29404      166.03883    4.28891 2932.38022      0.3688
  -28000    166.04316    4.28360 2932.29405      166.03857    4.28895 2932.38023      0.3708
  -28100    166.04292    4.28361 2932.29405      166.03830    4.28899 2932.38024      0.3728
  -28200    166.04268    4.28362 2932.29406      166.03804    4.28904 2932.38024      0.3748
  -28300    166.04244    4.28362 2932.29406      166.03778    4.28908 2932.38025      0.3768
  -28400    166.04220    4.28363 2932.29407      166.03751    4.28912 2932.38026      0.3788
  -28500    166.04195    4.28364 2932.29407      166.03725    4.28916 2932.38026      0.3807
  -28600    166.04171    4.28364 2932.29408      166.03699    4.28920 2932.38027      0.3827
  -28700    166.04147    4.28365 2932.29408      166.03672    4.28924 2932.38028      0.3847
  -28800    166.04123    4.28366 2932.29409      166.03646    4.28928 2932.38028      0.3867
  -28900    166.04098    4.28366 2932.29410      166.03619    4.28932 2932.38029      0.3887
  -29000    166.04074    4.28367 2932.29410      166.03593    4.28936 2932.38030      0.3907
  -29100    166.04050    4.28368 2932.29411      166.03567    4.28940 2932.38030      0.3927
  -29200    166.04026    4.28368 2932.29411      166.03540    4.28945 2932.38031      0.3947
  -29300    166.04002    4.28369 2932.29412      166.03514    4.28949 2932.38032      0.3967
  -29400    166.03977    4.28370 2932.29412      166.03488    4.28953 2932.38032      0.3987
  -29500    166.03953    4.28370 2932.29413      166.03461    4.28957 2932.38033      0.4007
  -29600    166.03929    4.28371 2932.29413      166.03435    4.28961 2932.38034      0.4027
  -29700    166.03905    4.28372 2932.29414      166.03409    4.28965 2932.38035      0.4047
  -29800    166.03880    4.28372 2932.29415      166.03382    4.28969 2932.38036      0.4067
  -29900    166.03856    4.28373 2932.29416      166.03356    4.28973 2932.38037      0.4087
  -30000    166.03832    4.28374 2932.29416      166.03329    4.28977 2932.38037      0.4107
  -30100    166.03808    4.28374 2932.29417      166.03303    4.28981 2932.38038      0.4127
  -30200    166.03783    4.28375 2932.29417      166.03277    4.28985 2932.38039      0.4147
  -30300    166.03759    4.28376 2932.29418      166.03250    4.28990 2932.38039      0.4167
  -30400    166.03735    4.28376 2932.29418      166.03224    4.28994 2932.38040      0.4187
  -30500    166.03711    4.28377 2932.29419      166.03198    4.28998 2932.38041      0.4207
  -30600    166.03687    4.28378 2932.29420      166.03171    4.29002 2932.38042      0.4227
  -30700    166.03662    4.28378 2932.29420      166.03145    4.29006 2932.38042      0.4247
  -30800    166.03638    4.28379 2932.29421      166.03119    4.29010 2932.38043      0.4267
  -30900    166.03614    4.28380 2932.29421      166.03092    4.29014 2932.38044      0.4287
  -31000    166.03590    4.28380 2932.29422      166.03066    4.29018 2932.38045      0.4307
  -31100    166.03565    4.28381 2932.29422      166.03039    4.29022 2932.38045      0.4327
  -31200    166.03541    4.28382 2932.29423      166.03013    4.29026 2932.38046      0.4347
  -31300    166.03517    4.28382 2932.29424      166.02987    4.29030 2932.38047      0.4367
  -31400    166.03493    4.28383 2932.29424      166.02960    4.29035 2932.38048      0.4387
  -31500    166.03469    4.28384 2932.29425      166.02934    4.29039 2932.38048      0.4407
  -31600    166.03444    4.28384 2932.29425      166.02908    4.29043 2932.38049      0.4427
  -31700    166.03420    4.28385 2932.29426      166.02881    4.29047 2932.38050      0.4448
  -31800    166.03396    4.28386 2932.29427      166.02855    4.29051 2932.38051      0.4468
  -31900    166.03372    4.28386 2932.29427      166.02829    4.29055 2932.38051      0.4488
  -32000    166.03347    4.28387 2932.29428      166.02802    4.29059 2932.38052      0.4508
  -32100    166.03323    4.28388 2932.29428      166.02776    4.29063 2932.38053      0.4528
  -32200    166.03299    4.28388 2932.29429      166.02749    4.29067 2932.38054      0.4548
  -32300    166.03275    4.28389 2932.29430      166.02723    4.29071 2932.38054      0.4568
  -32400    166.03250    4.28390 2932.29430      166.02697    4.29075 2932.38055      0.4588
  -32500    166.03226    4.28390 2932.29431      166.02670    4.29080 2932.38056      0.4608
  -32600    166.03202    4.28391 2932.29432      166.02644    4.29084 2932.38057      0.4629
  -32700    166.03178    4.28392 2932.29432      166.02618    4.29088 2932.38057      0.4649
  -32800    166.03154    4.28392 2932.29433      166.02591    4.29092 2932.38058      0.4669
  -32900    166.03129    4.28393 2932.29433      166.02565    4.29096 2932.38059      0.4689
  -33000    166.03105    4.28394 2932.29434      166.02539    4.29100 2932.38060      0.4709
  -33100    166.03081    4.28394 2932.29435      166.02512    4.29104 2932.38061      0.4729
  -33200    166.03057    4.28395 2932.29435      166.02486    4.29108 2932.38061      0.4750
  -33300    166.03032    4.28396 2932.29436      166.02460    4.29112 2932.38062      0.4770
  -33400    166.03008    4.28396 2932.29437      166.02433    4.29116 2932.38063      0.4790
  -33500    166.02984    4.28397 2932.29437      166.02407    4.29120 2932.38064      0.4810
  -33600    166.02960    4.28398 2932.29438      166.02380    4.29125 2932.38065      0.4830
  -33700    166.02936    4.28398 2932.29438      166.02354    4.29129 2932.38065      0.4850
  -33800    166.02911    4.28399 2932.29439      166.02328    4.29133 2932.38066      0.4871
  -33900    166.02887    4.28399 2932.29440      166.02301    4.29137 2932.38067      0.4891
  -34000    166.02863    4.28400 2932.29440      166.02275    4.29141 2932.38068      0.4911
  -34100    166.02839    4.28401 2932.29441      166.02249    4.29145 2932.38069      0.4931
  -34200    166.02814    4.28401 2932.29442      166.02222    4.29149 2932.38069      0.4951
  -34300    166.02790    4.28402 2932.29442      166.02196    4.29153 2932.38070      0.4972
  -34400    166.02766    4.28403 2932.29443      166.02170    4.29157 2932.38071      0.4992
  -34500    166.02742    4.28403 2932.29444      166.02143    4.29161 2932.38072      0.5012
  -34600    166.02718    4.28404 2932.29444      166.02117    4.29165 2932.38073      0.5032
  -34700    166.02693    4.28405 2932.29445      166.02090    4.29170 2932.38074      0.5052
  -34800    166.02669    4.28405 2932.29446      166.02064    4.29174 2932.38074      0.5073
  -34900    166.02645    4.28406 2932.29446      166.02038    4.29178 2932.38075      0.5093
  -35000    166.02621    4.28407 2932.29447      166.02011    4.29182 2932.38076      0.5113
  -35100    166.02596    4.28407 2932.29448      166.01985    4.29186 2932.38077      0.5133
  -35200    166.02572    4.28408 2932.29448      166.01959    4.29190 2932.38078      0.5154
  -35300    166.02548    4.28409 2932.29449      166.01932    4.29194 2932.38079      0.5174
  -35400    166.02524    4.28409 2932.29450      166.01906    4.29198 2932.38079      0.5194
  -35500    166.02499    4.28410 2932.29450      166.01880    4.29202 2932.38080      0.5214
  -35600    166.02475    4.28411 2932.29451      166.01853    4.29206 2932.38081      0.5235
  -35700    166.02451    4.28411 2932.29452      166.01827    4.29210 2932.38082      0.5255
  -35800    166.02427    4.28412 2932.29452      166.01800    4.29215 2932.38083      0.5275
  -35900    166.02403    4.28413 2932.29453      166.01774    4.29219 2932.38084      0.5295
  -36000    166.02378    4.28413 2932.29454      166.01748    4.29223 2932.38085      0.5316
  -36100    166.02354    4.28414 2932.29454      166.01721    4.29227 2932.38085      0.5336
  -36200    166.02330    4.28415 2932.29455      166.01695    4.29231 2932.38086      0.5356
  -36300    166.02306    4.28415 2932.29456      166.01669    4.29235 2932.38087      0.5376
  -36400    166.02281    4.28416 2932.29456      166.01642    4.29239 2932.38088      0.5397
  -36500    166.02257    4.28417 2932.29457      166.01616    4.29243 2932.38089      0.5417
  -36600    166.02233    4.28417 2932.29458      166.01590    4.29247 2932.38090      0.5437
  -36700    166.02209    4.28418 2932.29458      166.01563    4.29251 2932.38091      0.5458
  -36800    166.02185    4.28419 2932.29459      166.01537    4.29255 2932.38092      0.5478
  -36900    166.02160    4.28419 2932.29460      166.01510    4.29260 2932.38092      0.5498
  -37000    166.02136    4.28420 2932.29460      166.01484    4.29264 2932.38093      0.5518
  -37100    166.02112    4.28421 2932.29461      166.01458    4.29268 2932.38094      0.5539
  -37200    166.02088    4.28421 2932.29462      166.01431    4.29272 2932.38095      0.5559
  -37300    166.02063    4.28422 2932.29463      166.01405    4.29276 2932.38096      0.5579
  -37400    166.02039    4.28423 2932.29463      166.01379    4.29280 2932.38097      0.5600
  -37500    166.02015    4.28423 2932.29464      166.01352    4.29284 2932.38098      0.5620
  -37600    166.01991    4.28424 2932.29465      166.01326    4.29288 2932.38099      0.5640
  -37700    166.01967    4.28425 2932.29465      166.01300    4.29292 2932.38100      0.5661
  -37800    166.01942    4.28425 2932.29466      166.01273    4.29296 2932.38100      0.5681
  -37900    166.01918    4.28426 2932.29467      166.01247    4.29300 2932.38101      0.5701
  -38000    166.01894    4.28427 2932.29468      166.01221    4.29304 2932.38102      0.5721
  -38100    166.01870    4.28427 2932.29468      166.01194    4.29309 2932.38103      0.5742
  -38200    166.01845    4.28428 2932.29469      166.01168    4.29313 2932.38104      0.5762
  -38300    166.01821    4.28429 2932.29470      166.01141    4.29317 2932.38105      0.5782
  -38400    166.01797    4.28429 2932.29470      166.01115    4.29321 2932.38106      0.5803
  -38500    166.01773    4.28430 2932.29471      166.01089    4.29325 2932.38107      0.5823
  -38600    166.01748    4.28431 2932.29472      166.01062    4.29329 2932.38108      0.5843
  -38700    166.01724    4.28431 2932.29473      166.01036    4.29333 2932.38109      0.5864
  -38800    166.01700    4.28432 2932.29473      166.01010    4.29337 2932.38110      0.5884
  -38900    166.01676    4.28433 2932.29474      166.00983    4.29341 2932.38111      0.5904
  -39000    166.01652    4.28433 2932.29475      166.00957    4.29345 2932.38111      0.5925
  -39100    166.01627    4.28434 2932.29476      166.00931    4.29349 2932.38112      0.5945
  -39200    166.01603    4.28435 2932.29476      166.00904    4.29354 2932.38113      0.5965
  -39300    166.01579    4.28435 2932.29477      166.00878    4.29358 2932.38114      0.5986
  -39400    166.01555    4.28436 2932.29478      166.00851    4.29362 2932.38115      0.6006
  -39500    166.01530    4.28437 2932.29479      166.00825    4.29366 2932.38116      0.6026
  -39600    166.01506    4.28437 2932.29479      166.00799    4.29370 2932.38117      0.6047
  -39700    166.01482    4.28438 2932.29480      166.00772    4.29374 2932.38118      0.6067
  -39800    166.01458    4.28439 2932.29481      166.00746    4.29378 2932.38119      0.6088
  -39900    166.01434    4.28439 2932.29482      166.00720    4.29382 2932.38120      0.6108
  -40000    166.01409    4.28440 2932.29482      166.00693    4.29386 2932.38121      0.6128
  -40100    166.01385    4.28441 2932.29483      166.00667    4.29390 2932.38122      0.6149
  -40200    166.01361    4.28441 2932.29484      166.00641    4.29394 2932.38123      0.6169
  -40300    166.01337    4.28442 2932.29485      166.00614    4.29399 2932.38124      0.6189
  -40400    166.01312    4.28443 2932.29485      166.00588    4.29403 2932.38125      0.6210
  -40500    166.01288    4.28443 2932.29486      166.00561    4.29407 2932.38126      0.6230
  -40600    166.01264    4.28444 2932.29487      166.00535    4.29411 2932.38127      0.6250
  -40700    166.01240    4.28445 2932.29488      166.00509    4.29415 2932.38128      0.6271
  -40800    166.01216    4.28445 2932.29488      166.00482    4.29419 2932.38129      0.6291
  -40900    166.01191    4.28446 2932.29489      166.00456    4.29423 2932.38130      0.6312
  -41000    166.01167    4.28447 2932.29490      166.00430    4.29427 2932.38131      0.6332
  -41100    166.01143    4.28447 2932.29491      166.00403    4.29431 2932.38132      0.6352
  -41200    166.01119    4.28448 2932.29492      166.00377    4.29435 2932.38133      0.6373
  -41300    166.01094    4.28449 2932.29492      166.00351    4.29439 2932.38134      0.6393
  -41400    166.01070    4.28449 2932.29493      166.00324    4.29444 2932.38135      0.6413
  -41500    166.01046    4.28450 2932.29494      166.00298    4.29448 2932.38136      0.6434
  -41600    166.01022    4.28451 2932.29495      166.00272    4.29452 2932.38137      0.6454
  -41700    166.00998    4.28451 2932.29495      166.00245    4.29456 2932.38138      0.6475
  -41800    166.00973    4.28452 2932.29496      166.00219    4.29460 2932.38139      0.6495
  -41900    166.00949    4.28453 2932.29497      166.00192    4.29464 2932.38140      0.6515
  -42000    166.00925    4.28453 2932.29498      166.00166    4.29468 2932.38141      0.6536
  -42100    166.00901    4.28454 2932.29499      166.00140    4.29472 2932.38142      0.6556
  -42200    166.00876    4.28455 2932.29499      166.00113    4.29476 2932.38143      0.6577
  -42300    166.00852    4.28455 2932.29500      166.00087    4.29480 2932.38144      0.6597
  -42400    166.00828    4.28456 2932.29501      166.00061    4.29484 2932.38145      0.6617
  -42500    166.00804    4.28457 2932.29502      166.00034    4.29489 2932.38146      0.6638
  -42600    166.00779    4.28457 2932.29503      166.00008    4.29493 2932.38147      0.6658
  -42700    166.00755    4.28458 2932.29503      165.99982    4.29497 2932.38148      0.6679
  -42800    166.00731    4.28459 2932.29504      165.99955    4.29501 2932.38149      0.6699
  -42900    166.00707    4.28459 2932.29505      165.99929    4.29505 2932.38150      0.6719
  -43000    166.00683    4.28460 2932.29506      165.99902    4.29509 2932.38151      0.6740
  -43100    166.00658    4.28461 2932.29507      165.99876    4.29513 2932.38152      0.6760
  -43200    166.00634    4.28461 2932.29508      165.99850    4.29517 2932.38153      0.6781
  -43300    166.00610    4.28462 2932.29509      165.99823    4.29521 2932.38154      0.6801
  -43400    166.00586    4.28463 2932.29510      165.99797    4.29525 2932.38155      0.6821
  -43500    166.00561    4.28463 2932.29511      165.99771    4.29529 2932.38156      0.6842
  -43600    166.00537    4.28464 2932.29511      165.99744    4.29533 2932.38157      0.6862
  -43700    166.00513    4.28465 2932.29512      165.99718    4.29538 2932.38159      0.6883
  -43800    166.00489    4.28465 2932.29513      165.99692    4.29542 2932.38160      0.6903
  -43900    166.00465    4.28466 2932.29514      165.99665    4.29546 2932.38161      0.6924
  -44000    166.00440    4.28467 2932.29515      165.99639    4.29550 2932.38162      0.6944
  -44100    166.00416    4.28467 2932.29516      165.99613    4.29554 2932.38163      0.6964
  -44200    166.00392    4.28468 2932.29516      165.99586    4.29558 2932.38164      0.6985
  -44300    166.00368    4.28469 2932.29517      165.99560    4.29562 2932.38165      0.7005
  -44400    166.00343    4.28469 2932.29518      165.99533    4.29566 2932.38166      0.7026
  -44500    166.00319    4.28470 2932.29519      165.99507    4.29570 2932.38167      0.7046
  -44600    166.00295    4.28470 2932.29520      165.99481    4.29574 2932.38168      0.7067
  -44700    166.00271    4.28471 2932.29521      165.99454    4.29578 2932.38169      0.7087
  -44800    166.00247    4.28472 2932.29521      165.99428    4.29583 2932.38170      0.7107
  -44900    166.00222    4.28472 2932.29522      165.99402    4.29587 2932.38171      0.7128
  -45000    166.00198    4.28473 2932.29523      165.99375    4.29591 2932.38172      0.7148
  -45100    166.00174    4.28474 2932.29524      165.99349    4.29595 2932.38173      0.7169
  -45200    166.00150    4.28474 2932.29525      165.99323    4.29599 2932.38175      0.7189
  -45300    166.00125    4.28475 2932.29526      165.99296    4.29603 2932.38176      0.7210
  -45400    166.00101    4.28476 2932.29527      165.99270    4.29607 2932.38177      0.7230
  -45500    166.00077    4.28476 2932.29527      165.99243    4.29611 2932.38178      0.7250
  -45600    166.00053    4.28477 2932.29528      165.99217    4.29615 2932.38179      0.7271
  -45700    166.00029    4.28478 2932.29529      165.99191    4.29619 2932.38180      0.7291
  -45800    166.00004    4.28478 2932.29530      165.99164    4.29623 2932.38181      0.7312
  -45900    165.99980    4.28479 2932.29531      165.99138    4.29628 2932.38182      0.7332
  -46000    165.99956    4.28480 2932.29532      165.99112    4.29632 2932.38183      0.7353
  -46100    165.99932    4.28480 2932.29533      165.99085    4.29636 2932.38184      0.7373
  -46200    165.99907    4.28481 2932.29534      165.99059    4.29640 2932.38185      0.7394
  -46300    165.99883    4.28482 2932.29534      165.99033    4.29644 2932.38187      0.7414
  -46400    165.99859    4.28482 2932.29535      165.99006    4.29648 2932.38188      0.7434
  -46500    165.99835    4.28483 2932.29536      165.98980    4.29652 2932.38189      0.7455
  -46600    165.99811    4.28484 2932.29537      165.98954    4.29656 2932.38190      0.7475
  -46700    165.99786    4.28484 2932.29538      165.98927    4.29660 2932.38191      0.7496
  -46800    165.99762    4.28485 2932.29539      165.98901    4.29664 2932.38192      0.7516
  -46900    165.99738    4.28486 2932.29540      165.98874    4.29668 2932.38193      0.7537
  -47000    165.99714    4.28486 2932.29541      165.98848    4.29672 2932.38194      0.7557
  -47100    165.99689    4.28487 2932.29542      165.98822    4.29677 2932.38196      0.7578
  -47200    165.99665    4.28488 2932.29542      165.98795    4.29681 2932.38197      0.7598
  -47300    165.99641    4.28488 2932.29543      165.98769    4.29685 2932.38198      0.7619
  -47400    165.99617    4.28489 2932.29544      165.98743    4.29689 2932.38199      0.7639
  -47500    165.99593    4.28490 2932.29545      165.98716    4.29693 2932.38200      0.7660
  -47600    165.99568    4.28490 2932.29546      165.98690    4.29697 2932.38201      0.7680
  -47700    165.99544    4.28491 2932.29547      165.98664    4.29701 2932.38202      0.7700
  -47800    165.99520    4.28492 2932.29548      165.98637    4.29705 2932.38204      0.7721
  -47900    165.99496    4.28492 2932.29549      165.98611    4.29709 2932.38205      0.7741
  -48000    165.99471    4.28493 2932.29550      165.98584    4.29713 2932.38206      0.7762
  -48100    165.99447    4.28494 2932.29551      165.98558    4.29717 2932.38207      0.7782
  -48200    165.99423    4.28494 2932.29552      165.98532    4.29722 2932.38208      0.7803
  -48300    165.99399    4.28495 2932.29552      165.98505    4.29726 2932.38209      0.7823
  -48400    165.99374    4.28496 2932.29553      165.98479    4.29730 2932.38210      0.7844
  -48500    165.99350    4.28496 2932.29554      165.98453    4.29734 2932.38212      0.7864
  -48600    165.99326    4.28497 2932.29555      165.98426    4.29738 2932.38213      0.7885
  -48700    165.99302    4.28498 2932.29556      165.98400    4.29742 2932.38214      0.7905
  -48800    165.99278    4.28498 2932.29557      165.98374    4.29746 2932.38215      0.7926
  -48900    165.99253    4.28499 2932.29558      165.98347    4.29750 2932.38216      0.7946
  -49000    165.99229    4.28500 2932.29559      165.98321    4.29754 2932.38218      0.7967
  -49100    165.99205    4.28500 2932.29560      165.98295    4.29758 2932.38219      0.7987
  -49200    165.99181    4.28501 2932.29561      165.98268    4.29762 2932.38220      0.8008
  -49300    165.99156    4.28502 2932.29562      165.98242    4.29767 2932.38221      0.8028
  -49400    165.99132    4.28502 2932.29563      165.98215    4.29771 2932.38222      0.8049
  -49500    165.99108    4.28503 2932.29563      165.98189    4.29775 2932.38223      0.8069
  -49600    165.99084    4.28504 2932.29565      165.98163    4.29779 2932.38225      0.8089
  -49700    165.99060    4.28504 2932.29565      165.98136    4.29783 2932.38226      0.8110
  -49800    165.99035    4.28505 2932.29566      165.98110    4.29787 2932.38227      0.8130
  -49900    165.99011    4.28506 2932.29567      165.98084    4.29791 2932.38228      0.8151
  -50000    165.98987    4.28506 2932.29568      165.98057    4.29795 2932.38229      0.8171
  -50100    165.98963    4.28507 2932.29569      165.98031    4.29799 2932.38230      0.8192
  -50200    165.98938    4.28508 2932.29570      165.98005    4.29803 2932.38232      0.8212
  -50300    165.98914    4.28508 2932.29571      165.97978    4.29807 2932.38233      0.8233
  -50400    165.98890    4.28509 2932.29572      165.97952    4.29811 2932.38234      0.8253
  -50500    165.98866    4.28510 2932.29573      165.97925    4.29816 2932.38235      0.8274
  -50600    165.98842    4.28510 2932.29574      165.97899    4.29820 2932.38236      0.8294
  -50700    165.98817    4.28511 2932.29575      165.97873    4.29824 2932.38238      0.8315
  -50800    165.98793    4.28512 2932.29576      165.97846    4.29828 2932.38239      0.8335
  -50900    165.98769    4.28512 2932.29577      165.97820    4.29832 2932.38240      0.8356
  -51000    165.98745    4.28513 2932.29578      165.97794    4.29836 2932.38241      0.8376
  -51100    165.98720    4.28513 2932.29579      165.97767    4.29840 2932.38243      0.8397
  -51200    165.98696    4.28514 2932.29580      165.97741    4.29844 2932.38244      0.8417
  -51300    165.98672    4.28515 2932.29581      165.97715    4.29848 2932.38245      0.8438
  -51400    165.98648    4.28515 2932.29582      165.97688    4.29852 2932.38246      0.8458
  -51500    165.98624    4.28516 2932.29583      165.97662    4.29856 2932.38247      0.8479
  -51600    165.98599    4.28517 2932.29584      165.97636    4.29861 2932.38249      0.8499
  -51700    165.98575    4.28517 2932.29585      165.97609    4.29865 2932.38250      0.8520
  -51800    165.98551    4.28518 2932.29586      165.97583    4.29869 2932.38251      0.8540
  -51900    165.98527    4.28519 2932.29587      165.97556    4.29873 2932.38252      0.8561
  -52000    165.98502    4.28519 2932.29588      165.97530    4.29877 2932.38254      0.8581
  -52100    165.98478    4.28520 2932.29589      165.97504    4.29881 2932.38255      0.8602
  -52200    165.98454    4.28521 2932.29589      165.97477    4.29885 2932.38256      0.8622
  -52300    165.98430    4.28521 2932.29590      165.97451    4.29889 2932.38257      0.8643
  -52400    165.98406    4.28522 2932.29591      165.97425    4.29893 2932.38259      0.8663
  -52500    165.98381    4.28523 2932.29592      165.97398    4.29897 2932.38260      0.8684
  -52600    165.98357    4.28523 2932.29593      165.97372    4.29901 2932.38261      0.8704
  -52700    165.98333    4.28524 2932.29594      165.97346    4.29905 2932.38262      0.8725
  -52800    165.98309    4.28525 2932.29595      165.97319    4.29910 2932.38264      0.8745
  -52900    165.98284    4.28525 2932.29596      165.97293    4.29914 2932.38265      0.8766
  -53000    165.98260    4.28526 2932.29597      165.97267    4.29918 2932.38266      0.8786
  -53100    165.98236    4.28527 2932.29598      165.97240    4.29922 2932.38268      0.8807
  -53200    165.98212    4.28527 2932.29599      165.97214    4.29926 2932.38269      0.8827
  -53300    165.98188    4.28528 2932.29601      165.97187    4.29930 2932.38270      0.8848
  -53400    165.98163    4.28529 2932.29602      165.97161    4.29934 2932.38271      0.8868
  -53500    165.98139    4.28529 2932.29603      165.97135    4.29938 2932.38273      0.8889
  -53600    165.98115    4.28530 2932.29604      165.97108    4.29942 2932.38274      0.8909
  -53700    165.98091    4.28531 2932.29605      165.97082    4.29946 2932.38275      0.8930
  -53800    165.98066    4.28531 2932.29606      165.97056    4.29950 2932.38277      0.8950
  -53900    165.98042    4.28532 2932.29607      165.97029    4.29954 2932.38278      0.8971
  -54000    165.98018    4.28533 2932.29608      165.97003    4.29959 2932.38279      0.8991
  -54100    165.97994    4.28533 2932.29609      165.96977    4.29963 2932.38280      0.9012
  -54200    165.97970    4.28534 2932.29610      165.96950    4.29967 2932.38282      0.9032
  -54300    165.97945    4.28535 2932.29611      165.96924    4.29971 2932.38283      0.9053
  -54400    165.97921    4.28535 2932.29612      165.96898    4.29975 2932.38284      0.9073
  -54500    165.97897    4.28536 2932.29613      165.96871    4.29979 2932.38286      0.9094
  -54600    165.97873    4.28537 2932.29614      165.96845    4.29983 2932.38287      0.9115
  -54700    165.97848    4.28537 2932.29615      165.96818    4.29987 2932.38288      0.9135
  -54800    165.97824    4.28538 2932.29616      165.96792    4.29991 2932.38290      0.9156
  -54900    165.97800    4.28539 2932.29617      165.96766    4.29995 2932.38291      0.9176
  -55000    165.97776    4.28539 2932.29618      165.96739    4.29999 2932.38292      0.9197
  -55100    165.97752    4.28540 2932.29619      165.96713    4.30004 2932.38293      0.9217
  -55200    165.97727    4.28541 2932.29620      165.96687    4.30008 2932.38295      0.9238
  -55300    165.97703    4.28541 2932.29621      165.96660    4.30012 2932.38296      0.9258
  -55400    165.97679    4.28542 2932.29622      165.96634    4.30016 2932.38297      0.9279
  -55500    165.97655    4.28543 2932.29623      165.96608    4.30020 2932.38299      0.9299
  -55600    165.97630    4.28543 2932.29624      165.96581    4.30024 2932.38300      0.9320
  -55700    165.97606    4.28544 2932.29625      165.96555    4.30028 2932.38301      0.9340
  -55800    165.97582    4.28545 2932.29626      165.96528    4.30032 2932.38303      0.9361
  -55900    165.97558    4.28545 2932.29627      165.96502    4.30036 2932.38304      0.9381
  -56000    165.97534    4.28546 2932.29629      165.96476    4.30040 2932.38305      0.9402
  -56100    165.97509    4.28547 2932.29630      165.96449    4.30044 2932.38307      0.9422
  -56200    165.97485    4.28547 2932.29631      165.96423    4.30048 2932.38308      0.9443
  -56300    165.97461    4.28548 2932.29632      165.96397    4.30053 2932.38309      0.9463
  -56400    165.97437    4.28548 2932.29633      165.96370    4.30057 2932.38311      0.9484
  -56500    165.97412    4.28549 2932.29634      165.96344    4.30061 2932.38312      0.9504
  -56600    165.97388    4.28550 2932.29635      165.96318    4.30065 2932.38314      0.9525
  -56700    165.97364    4.28550 2932.29636      165.96291    4.30069 2932.38315      0.9546
  -56800    165.97340    4.28551 2932.29637      165.96265    4.30073 2932.38316      0.9566
  -56900    165.97316    4.28552 2932.29638      165.96239    4.30077 2932.38318      0.9587
  -57000    165.97291    4.28552 2932.29639      165.96212    4.30081 2932.38319      0.9607
  -57100    165.97267    4.28553 2932.29640      165.96186    4.30085 2932.38320      0.9628
  -57200    165.97243    4.28554 2932.29641      165.96159    4.30089 2932.38322      0.9648
  -57300    165.97219    4.28554 2932.29642      165.96133    4.30093 2932.38323      0.9669
  -57400    165.97194    4.28555 2932.29644      165.96107    4.30097 2932.38324      0.9689
  -57500    165.97170    4.28556 2932.29645      165.96080    4.30102 2932.38326      0.9710
  -57600    165.97146    4.28556 2932.29646      165.96054    4.30106 2932.38327      0.9730
  -57700    165.97122    4.28557 2932.29647      165.96028    4.30110 2932.38329      0.9751
  -57800    165.97098    4.28558 2932.29648      165.96001    4.30114 2932.38330      0.9771
  -57900    165.97073    4.28558 2932.29649      165.95975    4.30118 2932.38331      0.9792
  -58000    165.97049    4.28559 2932.29650      165.95949    4.30122 2932.38333      0.9812
  -58100    165.97025    4.28560 2932.29651      165.95922    4.30126 2932.38334      0.9833
  -58200    165.97001    4.28560 2932.29652      165.95896    4.30130 2932.38336      0.9854
  -58300    165.96976    4.28561 2932.29653      165.95870    4.30134 2932.38337      0.9874
  -58400    165.96952    4.28562 2932.29655      165.95843    4.30138 2932.38338      0.9895
  -58500    165.96928    4.28562 2932.29656      165.95817    4.30142 2932.38340      0.9915
  -58600    165.96904    4.28563 2932.29657      165.95790    4.30147 2932.38341      0.9936
  -58700    165.96880    4.28564 2932.29658      165.95764    4.30151 2932.38343      0.9956
  -58800    165.96855    4.28564 2932.29659      165.95738    4.30155 2932.38344      0.9977
  -58900    165.96831    4.28565 2932.29660      165.95711    4.30159 2932.38345      0.9997
  -59000    165.96807    4.28566 2932.29661      165.95685    4.30163 2932.38347      1.0018
  -59100    165.96783    4.28566 2932.29662      165.95659    4.30167 2932.38348      1.0038
  -59200    165.96758    4.28567 2932.29663      165.95632    4.30171 2932.38350      1.0059
  -59300    165.96734    4.28568 2932.29665      165.95606    4.30175 2932.38351      1.0079
  -59400    165.96710    4.28568 2932.29666      165.95580    4.30179 2932.38352      1.0100
  -59500    165.96686    4.28569 2932.29667      165.95553    4.30183 2932.38354      1.0121
  -59600    165.96662    4.28570 2932.29668      165.95527    4.30187 2932.38355      1.0141
  -59700    165.96637    4.28570 2932.29669      165.95501    4.30191 2932.38357      1.0162
  -59800    165.96613    4.28571 2932.29670      165.95474    4.30196 2932.38358      1.0182
  -59900    165.96589    4.28572 2932.29671      165.95448    4.30200 2932.38360      1.0203
  -60000    165.96565    4.28572 2932.29673      165.95421    4.30204 2932.38361      1.0223
  -60100    165.96540    4.28573 2932.29674      165.95395    4.30208 2932.38363      1.0244
  -60200    165.96516    4.28574 2932.29675      165.95369    4.30212 2932.38364      1.0264
  -60300    165.96492    4.28574 2932.29676      165.95342    4.30216 2932.38365      1.0285
  -60400    165.96468    4.28575 2932.29677      165.95316    4.30220 2932.38367      1.0305
  -60500    165.96444    4.28576 2932.29678      165.95290    4.30224 2932.38368      1.0326
  -60600    165.96419    4.28576 2932.29679      165.95263    4.30228 2932.38370      1.0347
  -60700    165.96395    4.28577 2932.29681      165.95237    4.30232 2932.38371      1.0367
  -60800    165.96371    4.28577 2932.29682      165.95211    4.30236 2932.38373      1.0388
  -60900    165.96347    4.28578 2932.29683      165.95184    4.30240 2932.38374      1.0408
  -61000    165.96322    4.28579 2932.29684      165.95158    4.30245 2932.38376      1.0429
  -61100    165.96298    4.28579 2932.29685      165.95132    4.30249 2932.38377      1.0449
  -61200    165.96274    4.28580 2932.29686      165.95105    4.30253 2932.38379      1.0470
  -61300    165.96250    4.28581 2932.29687      165.95079    4.30257 2932.38380      1.0490
  -61400    165.96226    4.28581 2932.29689      165.95052    4.30261 2932.38381      1.0511
  -61500    165.96201    4.28582 2932.29690      165.95026    4.30265 2932.38383      1.0531
  -61600    165.96177    4.28583 2932.29691      165.95000    4.30269 2932.38384      1.0552
  -61700    165.96153    4.28583 2932.29692      165.94973    4.30273 2932.38386      1.0573
  -61800    165.96129    4.28584 2932.29693      165.94947    4.30277 2932.38387      1.0593
  -61900    165.96104    4.28585 2932.29695      165.94921    4.30281 2932.38389      1.0614
  -62000    165.96080    4.28585 2932.29696      165.94894    4.30285 2932.38390      1.0634
  -62100    165.96056    4.28586 2932.29697      165.94868    4.30289 2932.38392      1.0655
  -62200    165.96032    4.28587 2932.29698      165.94842    4.30294 2932.38393      1.0675
  -62300    165.96008    4.28587 2932.29699      165.94815    4.30298 2932.38395      1.0696
  -62400    165.95983    4.28588 2932.29700      165.94789    4.30302 2932.38396      1.0716
  -62500    165.95959    4.28589 2932.29702      165.94763    4.30306 2932.38398      1.0737
  -62600    165.95935    4.28589 2932.29703      165.94736    4.30310 2932.38399      1.0758
  -62700    165.95911    4.28590 2932.29704      165.94710    4.30314 2932.38401      1.0778
  -62800    165.95886    4.28591 2932.29705      165.94683    4.30318 2932.38402      1.0799
  -62900    165.95862    4.28591 2932.29706      165.94657    4.30322 2932.38404      1.0819
  -63000    165.95838    4.28592 2932.29708      165.94631    4.30326 2932.38405      1.0840
  -63100    165.95814    4.28593 2932.29709      165.94604    4.30330 2932.38407      1.0860
  -63200    165.95790    4.28593 2932.29710      165.94578    4.30334 2932.38408      1.0881
  -63300    165.95765    4.28594 2932.29711      165.94552    4.30338 2932.38410      1.0901
  -63400    165.95741    4.28595 2932.29712      165.94525    4.30343 2932.38411      1.0922
  -63500    165.95717    4.28595 2932.29714      165.94499    4.30347 2932.38413      1.0943
  -63600    165.95693    4.28596 2932.29715      165.94473    4.30351 2932.38414      1.0963
  -63700    165.95668    4.28597 2932.29716      165.94446    4.30355 2932.38416      1.0984
  -63800    165.95644    4.28597 2932.29717      165.94420    4.30359 2932.38417      1.1004
  -63900    165.95620    4.28598 2932.29718      165.94394    4.30363 2932.38419      1.1025
  -64000    165.95596    4.28599 2932.29720      165.94367    4.30367 2932.38421      1.1045
  -64100    165.95572    4.28599 2932.29721      165.94341    4.30371 2932.38422      1.1066
  -64200    165.95547    4.28600 2932.29722      165.94314    4.30375 2932.38424      1.1086
  -64300    165.95523    4.28601 2932.29723      165.94288    4.30379 2932.38425      1.1107
  -64400    165.95499    4.28601 2932.29724      165.94262    4.30383 2932.38427      1.1128
  -64500    165.95475    4.28602 2932.29726      165.94235    4.30387 2932.38428      1.1148
  -64600    165.95450    4.28602 2932.29727      165.94209    4.30392 2932.38430      1.1169
  -64700    165.95426    4.28603 2932.29728      165.94183    4.30396 2932.38431      1.1189
  -64800    165.95402    4.28604 2932.29729      165.94156    4.30400 2932.38433      1.1210
  -64900    165.95378    4.28604 2932.29731      165.94130    4.30404 2932.38434      1.1230
  -65000    165.95354    4.28605 2932.29732      165.94104    4.30408 2932.38436      1.1251
  -65100    165.95329    4.28606 2932.29733      165.94077    4.30412 2932.38438      1.1271
  -65200    165.95305    4.28606 2932.29734      165.94051    4.30416 2932.38439      1.1292
  -65300    165.95281    4.28607 2932.29736      165.94025    4.30420 2932.38441      1.1313
  -65400    165.95257    4.28608 2932.29737      165.93998    4.30424 2932.38442      1.1333
  -65500    165.95232    4.28608 2932.29738      165.93972    4.30428 2932.38444      1.1354
  -65600    165.95208    4.28609 2932.29739      165.93945    4.30432 2932.38445      1.1374
  -65700    165.95184    4.28610 2932.29741      165.93919    4.30436 2932.38447      1.1395
  -65800    165.95160    4.28610 2932.29742      165.93893    4.30441 2932.38449      1.1415
  -65900    165.95136    4.28611 2932.29743      165.93866    4.30445 2932.38450      1.1436
  -66000    165.95111    4.28612 2932.29744      165.93840    4.30449 2932.38452      1.1457
  -66100    165.95087    4.28612 2932.29746      165.93814    4.30453 2932.38453      1.1477
  -66200    165.95063    4.28613 2932.29747      165.93787    4.30457 2932.38455      1.1498
  -66300    165.95039    4.28614 2932.29748      165.93761    4.30461 2932.38456      1.1518
  -66400    165.95014    4.28614 2932.29749      165.93735    4.30465 2932.38458      1.1539
  -66500    165.94990    4.28615 2932.29751      165.93708    4.30469 2932.38460      1.1559
  -66600    165.94966    4.28616 2932.29752      165.93682    4.30473 2932.38461      1.1580
  -66700    165.94942    4.28616 2932.29753      165.93656    4.30477 2932.38463      1.1601
  -66800    165.94918    4.28617 2932.29754      165.93629    4.30481 2932.38464      1.1621
  -66900    165.94893    4.28618 2932.29756      165.93603    4.30485 2932.38466      1.1642
  -67000    165.94869    4.28618 2932.29757      165.93576    4.30490 2932.38468      1.1662
  -67100    165.94845    4.28619 2932.29758      165.93550    4.30494 2932.38469      1.1683
  -67200    165.94821    4.28620 2932.29759      165.93524    4.30498 2932.38471      1.1703
  -67300    165.94797    4.28620 2932.29761      165.93497    4.30502 2932.38472      1.1724
  -67400    165.94772    4.28621 2932.29762      165.93471    4.30506 2932.38474      1.1744
  -67500    165.94748    4.28622 2932.29763      165.93445    4.30510 2932.38476      1.1765
  -67600    165.94724    4.28622 2932.29765      165.93418    4.30514 2932.38477      1.1786
  -67700    165.94700    4.28623 2932.29766      165.93392    4.30518 2932.38479      1.1806
  -67800    165.94675    4.28624 2932.29767      165.93366    4.30522 2932.38481      1.1827
  -67900    165.94651    4.28624 2932.29768      165.93339    4.30526 2932.38482      1.1847
  -68000    165.94627    4.28625 2932.29770      165.93313    4.30530 2932.38484      1.1868
  -68100    165.94603    4.28626 2932.29771      165.93287    4.30534 2932.38485      1.1888
  -68200    165.94579    4.28626 2932.29772      165.93260    4.30539 2932.38487      1.1909
  -68300    165.94554    4.28627 2932.29774      165.93234    4.30543 2932.38489      1.1930
  -68400    165.94530    4.28627 2932.29775      165.93207    4.30547 2932.38490      1.1950
  -68500    165.94506    4.28628 2932.29777      165.93181    4.30551 2932.38493      1.1971
  -68600    165.94482    4.28629 2932.29778      165.93155    4.30555 2932.38494      1.1991
  -68700    165.94457    4.28629 2932.29779      165.93128    4.30559 2932.38496      1.2012
  -68800    165.94433    4.28630 2932.29781      165.93102    4.30563 2932.38497      1.2032
  -68900    165.94409    4.28631 2932.29782      165.93076    4.30567 2932.38499      1.2053
  -69000    165.94385    4.28631 2932.29783      165.93049    4.30571 2932.38501      1.2074
  -69100    165.94361    4.28632 2932.29785      165.93023    4.30575 2932.38502      1.2094
  -69200    165.94336    4.28633 2932.29786      165.92997    4.30579 2932.38504      1.2115
  -69300    165.94312    4.28633 2932.29787      165.92970    4.30583 2932.38506      1.2135
  -69400    165.94288    4.28634 2932.29789      165.92944    4.30588 2932.38507      1.2156
  -69500    165.94264    4.28635 2932.29790      165.92918    4.30592 2932.38509      1.2177
  -69600    165.94239    4.28635 2932.29791      165.92891    4.30596 2932.38511      1.2197
  -69700    165.94215    4.28636 2932.29792      165.92865    4.30600 2932.38512      1.2218
  -69800    165.94191    4.28637 2932.29794      165.92838    4.30604 2932.38514      1.2238
  -69900    165.94167    4.28637 2932.29795      165.92812    4.30608 2932.38516      1.2259
  -70000    165.94143    4.28638 2932.29796      165.92786    4.30612 2932.38517      1.2279
  -70100    165.94118    4.28639 2932.29798      165.92759    4.30616 2932.38519      1.2300
  -70200    165.94094    4.28639 2932.29799      165.92733    4.30620 2932.38521      1.2321
  -70300    165.94070    4.28640 2932.29800      165.92707    4.30624 2932.38523      1.2341
  -70400    165.94046    4.28641 2932.29802      165.92680    4.30628 2932.38524      1.2362
  -70500    165.94021    4.28641 2932.29803      165.92654    4.30632 2932.38526      1.2382
  -70600    165.93997    4.28642 2932.29804      165.92628    4.30637 2932.38528      1.2403
  -70700    165.93973    4.28643 2932.29806      165.92601    4.30641 2932.38529      1.2423
  -70800    165.93949    4.28643 2932.29807      165.92575    4.30645 2932.38531      1.2444
  -70900    165.93925    4.28644 2932.29809      165.92549    4.30649 2932.38533      1.2465
  -71000    165.93900    4.28645 2932.29810      165.92522    4.30653 2932.38534      1.2485
  -71100    165.93876    4.28645 2932.29811      165.92496    4.30657 2932.38536      1.2506
  -71200    165.93852    4.28646 2932.29813      165.92469    4.30661 2932.38538      1.2526
  -71300    165.93828    4.28647 2932.29814      165.92443    4.30665 2932.38539      1.2547
  -71400    165.93803    4.28647 2932.29815      165.92417    4.30669 2932.38541      1.2567
  -71500    165.93779    4.28648 2932.29817      165.92390    4.30673 2932.38543      1.2588
  -71600    165.93755    4.28648 2932.29818      165.92364    4.30677 2932.38545      1.2609
  -71700    165.93731    4.28649 2932.29819      165.92338    4.30681 2932.38546      1.2629
  -71800    165.93707    4.28650 2932.29821      165.92311    4.30686 2932.38548      1.2650
  -71900    165.93682    4.28650 2932.29822      165.92285    4.30690 2932.38550      1.2670
  -72000    165.93658    4.28651 2932.29823      165.92259    4.30694 2932.38552      1.2691
  -72100    165.93634    4.28652 2932.29825      165.92232    4.30698 2932.38553      1.2712
  -72200    165.93610    4.28652 2932.29826      165.92206    4.30702 2932.38555      1.2732
  -72300    165.93586    4.28653 2932.29828      165.92180    4.30706 2932.38557      1.2753
  -72400    165.93561    4.28654 2932.29829      165.92153    4.30710 2932.38558      1.2773
  -72500    165.93537    4.28654 2932.29830      165.92127    4.30714 2932.38560      1.2794
  -72600    165.93513    4.28655 2932.29832      165.92100    4.30718 2932.38562      1.2814
  -72700    165.93489    4.28656 2932.29833      165.92074    4.30722 2932.38564      1.2835
  -72800    165.93464    4.28656 2932.29834      165.92048    4.30726 2932.38565      1.2856
  -72900    165.93440    4.28657 2932.29836      165.92021    4.30730 2932.38567      1.2876
  -73000    165.93416    4.28658 2932.29837      165.91995    4.30735 2932.38569      1.2897
  -73100    165.93392    4.28658 2932.29839      165.91969    4.30739 2932.38571      1.2917
  -73200    165.93368    4.28659 2932.29840      165.91942    4.30743 2932.38572      1.2938
  -73300    165.93343    4.28660 2932.29841      165.91916    4.30747 2932.38574      1.2959
  -73400    165.93319    4.28660 2932.29843      165.91890    4.30751 2932.38576      1.2979
  -73500    165.93295    4.28661 2932.29844      165.91863    4.30755 2932.38578      1.3000
  -73600    165.93271    4.28662 2932.29846      165.91837    4.30759 2932.38579      1.3020
  -73700    165.93246    4.28662 2932.29847      165.91811    4.30763 2932.38581      1.3041
  -73800    165.93222    4.28663 2932.29848      165.91784    4.30767 2932.38583      1.3061
  -73900    165.93198    4.28664 2932.29850      165.91758    4.30771 2932.38585      1.3082
  -74000    165.93174    4.28664 2932.29851      165.91732    4.30775 2932.38587      1.3103
  -74100    165.93150    4.28665 2932.29853      165.91705    4.30779 2932.38588      1.3123
  -74200    165.93125    4.28666 2932.29854      165.91679    4.30783 2932.38590      1.3144
  -74300    165.93101    4.28666 2932.29855      165.91652    4.30788 2932.38592      1.3164
  -74400    165.93077    4.28667 2932.29857      165.91626    4.30792 2932.38594      1.3185
  -74500    165.93053    4.28668 2932.29858      165.91600    4.30796 2932.38595      1.3206
  -74600    165.93028    4.28668 2932.29860      165.91573    4.30800 2932.38597      1.3226
  -74700    165.93004    4.28669 2932.29861      165.91547    4.30804 2932.38599      1.3247
  -74800    165.92980    4.28669 2932.29862      165.91521    4.30808 2932.38601      1.3267
  -74900    165.92956    4.28670 2932.29864      165.91494    4.30812 2932.38603      1.3288
  -75000    165.92932    4.28671 2932.29865      165.91468    4.30816 2932.38604      1.3308
  -75100    165.92907    4.28671 2932.29867      165.91442    4.30820 2932.38606      1.3329
  -75200    165.92883    4.28672 2932.29868      165.91415    4.30824 2932.38608      1.3350
  -75300    165.92859    4.28673 2932.29870      165.91389    4.30828 2932.38610      1.3370
  -75400    165.92835    4.28673 2932.29871      165.91363    4.30832 2932.38612      1.3391
  -75500    165.92810    4.28674 2932.29872      165.91336    4.30837 2932.38613      1.3411
  -75600    165.92786    4.28675 2932.29874      165.91310    4.30841 2932.38615      1.3432
  -75700    165.92762    4.28675 2932.29875      165.91283    4.30845 2932.38617      1.3453
  -75800    165.92738    4.28676 2932.29877      165.91257    4.30849 2932.38619      1.3473
  -75900    165.92714    4.28677 2932.29878      165.91231    4.30853 2932.38621      1.3494
  -76000    165.92689    4.28677 2932.29880      165.91204    4.30857 2932.38623      1.3514
  -76100    165.92665    4.28678 2932.29881      165.91178    4.30861 2932.38624      1.3535
  -76200    165.92641    4.28679 2932.29883      165.91152    4.30865 2932.38626      1.3556
  -76300    165.92617    4.28679 2932.29884      165.91125    4.30869 2932.38628      1.3576
  -76400    165.92593    4.28680 2932.29885      165.91099    4.30873 2932.38630      1.3597
  -76500    165.92568    4.28681 2932.29887      165.91073    4.30877 2932.38632      1.3617
  -76600    165.92544    4.28681 2932.29888      165.91046    4.30881 2932.38633      1.3638
  -76700    165.92520    4.28682 2932.29890      165.91020    4.30886 2932.38635      1.3658
  -76800    165.92496    4.28683 2932.29891      165.90994    4.30890 2932.38637      1.3679
  -76900    165.92471    4.28683 2932.29893      165.90967    4.30894 2932.38639      1.3700
  -77000    165.92447    4.28684 2932.29894      165.90941    4.30898 2932.38641      1.3720
  -77100    165.92423    4.28685 2932.29896      165.90914    4.30902 2932.38643      1.3741
  -77200    165.92399    4.28685 2932.29897      165.90888    4.30906 2932.38645      1.3761
  -77300    165.92375    4.28686 2932.29899      165.90862    4.30910 2932.38646      1.3782
  -77400    165.92350    4.28687 2932.29900      165.90835    4.30914 2932.38648      1.3803
  -77500    165.92326    4.28687 2932.29902      165.90809    4.30918 2932.38650      1.3823
  -77600    165.92302    4.28688 2932.29903      165.90783    4.30922 2932.38652      1.3844
  -77700    165.92278    4.28688 2932.29904      165.90756    4.30926 2932.38654      1.3864
  -77800    165.92253    4.28689 2932.29906      165.90730    4.30930 2932.38656      1.3885
  -77900    165.92229    4.28690 2932.29907      165.90704    4.30934 2932.38658      1.3906
  -78000    165.92205    4.28690 2932.29909      165.90677    4.30939 2932.38659      1.3926
  -78100    165.92181    4.28691 2932.29910      165.90651    4.30943 2932.38661      1.3947
  -78200    165.92157    4.28692 2932.29912      165.90625    4.30947 2932.38663      1.3967
  -78300    165.92132    4.28692 2932.29913      165.90598    4.30951 2932.38665      1.3988
  -78400    165.92108    4.28693 2932.29915      165.90572    4.30955 2932.38667      1.4008
  -78500    165.92084    4.28694 2932.29916      165.90546    4.30959 2932.38669      1.4029
  -78600    165.92060    4.28694 2932.29918      165.90519    4.30963 2932.38671      1.4050
  -78700    165.92035    4.28695 2932.29919      165.90493    4.30967 2932.38673      1.4070
  -78800    165.92011    4.28696 2932.29921      165.90466    4.30971 2932.38674      1.4091
  -78900    165.91987    4.28696 2932.29922      165.90440    4.30975 2932.38676      1.4111
  -79000    165.91963    4.28697 2932.29924      165.90414    4.30979 2932.38678      1.4132
  -79100    165.91939    4.28698 2932.29925      165.90387    4.30983 2932.38680      1.4153
  -79200    165.91914    4.28698 2932.29927      165.90361    4.30988 2932.38682      1.4173
  -79300    165.91890    4.28699 2932.29928      165.90335    4.30992 2932.38684      1.4194
  -79400    165.91866    4.28700 2932.29930      165.90308    4.30996 2932.38686      1.4214
  -79500    165.91842    4.28700 2932.29931      165.90282    4.31000 2932.38688      1.4235
  -79600    165.91818    4.28701 2932.29933      165.90256    4.31004 2932.38690      1.4256
  -79700    165.91793    4.28702 2932.29934      165.90229    4.31008 2932.38692      1.4276
  -79800    165.91769    4.28702 2932.29936      165.90203    4.31012 2932.38694      1.4297
  -79900    165.91745    4.28703 2932.29937      165.90177    4.31016 2932.38695      1.4317
  -80000    165.91721    4.28704 2932.29939      165.90150    4.31020 2932.38697      1.4338
  -80100    165.91696    4.28704 2932.29940      165.90124    4.31024 2932.38699      1.4359
  -80200    165.91672    4.28705 2932.29942      165.90097    4.31028 2932.38701      1.4379
  -80300    165.91648    4.28705 2932.29943      165.90071    4.31032 2932.38703      1.4400
  -80400    165.91624    4.28706 2932.29945      165.90045    4.31037 2932.38705      1.4420
  -80500    165.91600    4.28707 2932.29947      165.90018    4.31041 2932.38707      1.4441
  -80600    165.91575    4.28707 2932.29948      165.89992    4.31045 2932.38709      1.4462
  -80700    165.91551    4.28708 2932.29950      165.89966    4.31049 2932.38711      1.4482
  -80800    165.91527    4.28709 2932.29951      165.89939    4.31053 2932.38713      1.4503
  -80900    165.91503    4.28709 2932.29953      165.89913    4.31057 2932.38715      1.4523
  -81000    165.91478    4.28710 2932.29954      165.89887    4.31061 2932.38717      1.4544
  -81100    165.91454    4.28711 2932.29956      165.89860    4.31065 2932.38719      1.4565
  -81200    165.91430    4.28711 2932.29957      165.89834    4.31069 2932.38721      1.4585
  -81300    165.91406    4.28712 2932.29959      165.89808    4.31073 2932.38722      1.4606
  -81400    165.91382    4.28713 2932.29960      165.89781    4.31077 2932.38724      1.4626
  -81500    165.91357    4.28713 2932.29962      165.89755    4.31081 2932.38726      1.4647
  -81600    165.91333    4.28714 2932.29963      165.89729    4.31085 2932.38728      1.4668
  -81700    165.91309    4.28715 2932.29965      165.89702    4.31090 2932.38730      1.4688
  -81800    165.91285    4.28715 2932.29967      165.89676    4.31094 2932.38732      1.4709
  -81900    165.91260    4.28716 2932.29968      165.89649    4.31098 2932.38734      1.4729
  -82000    165.91236    4.28717 2932.29970      165.89623    4.31102 2932.38736      1.4750
  -82100    165.91212    4.28717 2932.29971      165.89597    4.31106 2932.38738      1.4771
  -82200    165.91188    4.28718 2932.29973      165.89570    4.31110 2932.38740      1.4791
  -82300    165.91164    4.28719 2932.29974      165.89544    4.31114 2932.38742      1.4812
  -82400    165.91139    4.28719 2932.29976      165.89518    4.31118 2932.38744      1.4832
  -82500    165.91115    4.28720 2932.29977      165.89491    4.31122 2932.38746      1.4853
  -82600    165.91091    4.28721 2932.29979      165.89465    4.31126 2932.38748      1.4874
  -82700    165.91067    4.28721 2932.29981      165.89439    4.31130 2932.38750      1.4894
  -82800    165.91043    4.28722 2932.29982      165.89412    4.31134 2932.38752      1.4915
  -82900    165.91018    4.28722 2932.29984      165.89386    4.31138 2932.38754      1.4935
  -83000    165.90994    4.28723 2932.29985      165.89360    4.31143 2932.38756      1.4956
  -83100    165.90970    4.28724 2932.29987      165.89333    4.31147 2932.38758      1.4976
  -83200    165.90946    4.28724 2932.29989      165.89307    4.31151 2932.38760      1.4997
  -83300    165.90921    4.28725 2932.29990      165.89281    4.31155 2932.38762      1.5018
  -83400    165.90897    4.28726 2932.29992      165.89254    4.31159 2932.38764      1.5038
  -83500    165.90873    4.28726 2932.29993      165.89228    4.31163 2932.38766      1.5059
  -83600    165.90849    4.28727 2932.29995      165.89201    4.31167 2932.38768      1.5079
  -83700    165.90825    4.28728 2932.29996      165.89175    4.31171 2932.38770      1.5100
  -83800    165.90800    4.28728 2932.29998      165.89149    4.31175 2932.38772      1.5121
  -83900    165.90776    4.28729 2932.30000      165.89122    4.31179 2932.38774      1.5141
  -84000    165.90752    4.28730 2932.30001      165.89096    4.31183 2932.38776      1.5162
  -84100    165.90728    4.28730 2932.30003      165.89070    4.31187 2932.38778      1.5182
  -84200    165.90703    4.28731 2932.30004      165.89043    4.31192 2932.38780      1.5203
  -84300    165.90679    4.28732 2932.30006      165.89017    4.31196 2932.38782      1.5224
  -84400    165.90655    4.28732 2932.30008      165.88991    4.31200 2932.38784      1.5244
  -84500    165.90631    4.28733 2932.30009      165.88964    4.31204 2932.38786      1.5265
  -84600    165.90607    4.28734 2932.30011      165.88938    4.31208 2932.38788      1.5286
  -84700    165.90582    4.28734 2932.30012      165.88912    4.31212 2932.38790      1.5306
  -84800    165.90558    4.28735 2932.30014      165.88885    4.31216 2932.38792      1.5327
  -84900    165.90534    4.28736 2932.30016      165.88859    4.31220 2932.38794      1.5347
  -85000    165.90510    4.28736 2932.30017      165.88832    4.31224 2932.38796      1.5368
  -85100    165.90486    4.28737 2932.30019      165.88806    4.31228 2932.38798      1.5389
  -85200    165.90461    4.28738 2932.30020      165.88780    4.31232 2932.38800      1.5409
  -85300    165.90437    4.28738 2932.30022      165.88753    4.31236 2932.38802      1.5430
  -85400    165.90413    4.28739 2932.30024      165.88727    4.31240 2932.38804      1.5450
  -85500    165.90389    4.28739 2932.30025      165.88701    4.31245 2932.38806      1.5471
  -85600    165.90364    4.28740 2932.30027      165.88674    4.31249 2932.38809      1.5492
  -85700    165.90340    4.28741 2932.30029      165.88648    4.31253 2932.38811      1.5512
  -85800    165.90316    4.28741 2932.30030      165.88622    4.31257 2932.38813      1.5533
  -85900    165.90292    4.28742 2932.30032      165.88595    4.31261 2932.38815      1.5553
  -86000    165.90268    4.28743 2932.30033      165.88569    4.31265 2932.38817      1.5574
  -86100    165.90243    4.28743 2932.30035      165.88543    4.31269 2932.38819      1.5595
  -86200    165.90219    4.28744 2932.30037      165.88516    4.31273 2932.38821      1.5615
  -86300    165.90195    4.28745 2932.30038      165.88490    4.31277 2932.38823      1.5636
  -86400    165.90171    4.28745 2932.30040      165.88464    4.31281 2932.38825      1.5656
  -86500    165.90146    4.28746 2932.30042      165.88437    4.31285 2932.38827      1.5677
  -86600    165.90122    4.28747 2932.30043      165.88411    4.31289 2932.38829      1.5698
  -86700    165.90098    4.28747 2932.30045      165.88384    4.31293 2932.38831      1.5718
  -86800    165.90074    4.28748 2932.30047      165.88358    4.31298 2932.38833      1.5739
  -86900    165.90050    4.28749 2932.30048      165.88332    4.31302 2932.38835      1.5759
  -87000    165.90025    4.28749 2932.30050      165.88305    4.31306 2932.38838      1.5780
  -87100    165.90001    4.28750 2932.30052      165.88279    4.31310 2932.38840      1.5801
  -87200    165.89977    4.28751 2932.30053      165.88253    4.31314 2932.38842      1.5821
  -87300    165.89953    4.28751 2932.30055      165.88226    4.31318 2932.38844      1.5842
  -87400    165.89929    4.28752 2932.30057      165.88200    4.31322 2932.38846      1.5862
  -87500    165.89904    4.28753 2932.30058      165.88174    4.31326 2932.38848      1.5883
  -87600    165.89880    4.28753 2932.30060      165.88147    4.31330 2932.38850      1.5904
  -87700    165.89856    4.28754 2932.30062      165.88121    4.31334 2932.38852      1.5924
  -87800    165.89832    4.28754 2932.30063      165.88095    4.31338 2932.38854      1.5945
  -87900    165.89807    4.28755 2932.30065      165.88068    4.31342 2932.38856      1.5965
  -88000    165.89783    4.28756 2932.30067      165.88042    4.31347 2932.38859      1.5986
  -88100    165.89759    4.28756 2932.30068      165.88016    4.31351 2932.38861      1.6007
  -88200    165.89735    4.28757 2932.30070      165.87989    4.31355 2932.38863      1.6027
  -88300    165.89711    4.28758 2932.30072      165.87963    4.31359 2932.38865      1.6048
  -88400    165.89686    4.28758 2932.30073      165.87936    4.31363 2932.38867      1.6068
  -88500    165.89662    4.28759 2932.30075      165.87910    4.31367 2932.38869      1.6089
  -88600    165.89638    4.28760 2932.30077      165.87884    4.31371 2932.38871      1.6110
  -88700    165.89614    4.28760 2932.30078      165.87857    4.31375 2932.38873      1.6130
  -88800    165.89589    4.28761 2932.30080      165.87831    4.31379 2932.38875      1.6151
  -88900    165.89565    4.28762 2932.30082      165.87805    4.31383 2932.38878      1.6171
  -89000    165.89541    4.28762 2932.30083      165.87778    4.31387 2932.38880      1.6192
  -89100    165.89517    4.28763 2932.30085      165.87752    4.31391 2932.38882      1.6213
  -89200    165.89493    4.28764 2932.30087      165.87726    4.31395 2932.38884      1.6233
  -89300    165.89468    4.28764 2932.30088      165.87699    4.31400 2932.38886      1.6254
  -89400    165.89444    4.28765 2932.30090      165.87673    4.31404 2932.38888      1.6274
  -89500    165.89420    4.28766 2932.30092      165.87647    4.31408 2932.38890      1.6295
  -89600    165.89396    4.28766 2932.30094      165.87620    4.31412 2932.38893      1.6316
  -89700    165.89372    4.28767 2932.30095      165.87594    4.31416 2932.38895      1.6336
  -89800    165.89347    4.28768 2932.30097      165.87568    4.31420 2932.38897      1.6357
  -89900    165.89323    4.28768 2932.30099      165.87541    4.31424 2932.38899      1.6378
  -90000    165.89299    4.28769 2932.30100      165.87515    4.31428 2932.38901      1.6398
  -90100    165.89275    4.28769 2932.30102      165.87488    4.31432 2932.38903      1.6419
  -90200    165.89250    4.28770 2932.30104      165.87462    4.31436 2932.38906      1.6439
  -90300    165.89226    4.28771 2932.30105      165.87436    4.31440 2932.38908      1.6460
  -90400    165.89202    4.28771 2932.30107      165.87409    4.31444 2932.38910      1.6481
  -90500    165.89178    4.28772 2932.30109      165.87383    4.31448 2932.38912      1.6501
  -90600    165.89154    4.28773 2932.30111      165.87357    4.31453 2932.38914      1.6522
  -90700    165.89129    4.28773 2932.30112      165.87330    4.31457 2932.38916      1.6542
  -90800    165.89105    4.28774 2932.30114      165.87304    4.31461 2932.38919      1.6563
  -90900    165.89081    4.28775 2932.30116      165.87278    4.31465 2932.38921      1.6584
  -91000    165.89057    4.28775 2932.30118      165.87251    4.31469 2932.38923      1.6604
  -91100    165.89032    4.28776 2932.30119      165.87225    4.31473 2932.38925      1.6625
  -91200    165.89008    4.28777 2932.30121      165.87199    4.31477 2932.38927      1.6645
  -91300    165.88984    4.28777 2932.30123      165.87172    4.31481 2932.38929      1.6666
  -91400    165.88960    4.28778 2932.30124      165.87146    4.31485 2932.38932      1.6687
  -91500    165.88936    4.28779 2932.30126      165.87120    4.31489 2932.38934      1.6707
  -91600    165.88911    4.28779 2932.30128      165.87093    4.31493 2932.38936      1.6728
  -91700    165.88887    4.28780 2932.30130      165.87067    4.31497 2932.38938      1.6748
  -91800    165.88863    4.28781 2932.30131      165.87040    4.31501 2932.38940      1.6769
  -91900    165.88839    4.28781 2932.30133      165.87014    4.31506 2932.38943      1.6790
  -92000    165.88815    4.28782 2932.30135      165.86988    4.31510 2932.38945      1.6810
  -92100    165.88790    4.28783 2932.30137      165.86961    4.31514 2932.38947      1.6831
  -92200    165.88766    4.28783 2932.30138      165.86935    4.31518 2932.38949      1.6852
  -92300    165.88742    4.28784 2932.30140      165.86909    4.31522 2932.38951      1.6872
  -92400    165.88718    4.28784 2932.30142      165.86882    4.31526 2932.38954      1.6893
  -92500    165.88693    4.28785 2932.30144      165.86856    4.31530 2932.38956      1.6913
  -92600    165.88669    4.28786 2932.30145      165.86830    4.31534 2932.38958      1.6934
  -92700    165.88645    4.28786 2932.30147      165.86803    4.31538 2932.38960      1.6955
  -92800    165.88621    4.28787 2932.30149      165.86777    4.31542 2932.38963      1.6975
  -92900    165.88597    4.28788 2932.30151      165.86751    4.31546 2932.38965      1.6996
  -93000    165.88572    4.28788 2932.30152      165.86724    4.31550 2932.38967      1.7016
  -93100    165.88548    4.28789 2932.30154      165.86698    4.31554 2932.38969      1.7037
  -93200    165.88524    4.28790 2932.30156      165.86672    4.31559 2932.38971      1.7058
  -93300    165.88500    4.28790 2932.30158      165.86645    4.31563 2932.38974      1.7078
  -93400    165.88476    4.28791 2932.30160      165.86619    4.31567 2932.38976      1.7099
  -93500    165.88451    4.28792 2932.30161      165.86592    4.31571 2932.38978      1.7119
  -93600    165.88427    4.28792 2932.30163      165.86566    4.31575 2932.38980      1.7140
  -93700    165.88403    4.28793 2932.30165      165.86540    4.31579 2932.38983      1.7161
  -93800    165.88379    4.28794 2932.30167      165.86513    4.31583 2932.38985      1.7181
  -93900    165.88354    4.28794 2932.30168      165.86487    4.31587 2932.38987      1.7202
  -94000    165.88330    4.28795 2932.30170      165.86461    4.31591 2932.38989      1.7222
  -94100    165.88306    4.28796 2932.30172      165.86434    4.31595 2932.38992      1.7243
  -94200    165.88282    4.28796 2932.30174      165.86408    4.31599 2932.38994      1.7264
  -94300    165.88258    4.28797 2932.30176      165.86382    4.31603 2932.38996      1.7284
  -94400    165.88233    4.28798 2932.30177      165.86355    4.31607 2932.38998      1.7305
  -94500    165.88209    4.28798 2932.30179      165.86329    4.31612 2932.39001      1.7326
  -94600    165.88185    4.28799 2932.30181      165.86303    4.31616 2932.39003      1.7346
  -94700    165.88161    4.28799 2932.30183      165.86276    4.31620 2932.39005      1.7367
  -94800    165.88136    4.28800 2932.30185      165.86250    4.31624 2932.39008      1.7387
  -94900    165.88112    4.28801 2932.30186      165.86224    4.31628 2932.39010      1.7408
  -95000    165.88088    4.28801 2932.30188      165.86197    4.31632 2932.39012      1.7429
  -95100    165.88064    4.28802 2932.30190      165.86171    4.31636 2932.39014      1.7449
  -95200    165.88040    4.28803 2932.30192      165.86144    4.31640 2932.39017      1.7470
  -95300    165.88015    4.28803 2932.30194      165.86118    4.31644 2932.39019      1.7490
  -95400    165.87991    4.28804 2932.30195      165.86092    4.31648 2932.39021      1.7511
  -95500    165.87967    4.28805 2932.30197      165.86065    4.31652 2932.39024      1.7532
  -95600    165.87943    4.28805 2932.30199      165.86039    4.31656 2932.39026      1.7552
  -95700    165.87919    4.28806 2932.30201      165.86013    4.31660 2932.39028      1.7573
  -95800    165.87894    4.28807 2932.30203      165.85986    4.31665 2932.39030      1.7593
  -95900    165.87870    4.28807 2932.30204      165.85960    4.31669 2932.39033      1.7614
  -96000    165.87846    4.28808 2932.30206      165.85934    4.31673 2932.39035      1.7635
  -96100    165.87822    4.28809 2932.30208      165.85907    4.31677 2932.39037      1.7655
  -96200    165.87797    4.28809 2932.30210      165.85881    4.31681 2932.39040      1.7676
  -96300    165.87773    4.28810 2932.30212      165.85855    4.31685 2932.39042      1.7697
  -96400    165.87749    4.28811 2932.30214      165.85828    4.31689 2932.39044      1.7717
  -96500    165.87725    4.28811 2932.30215      165.85802    4.31693 2932.39047      1.7738
  -96600    165.87701    4.28812 2932.30217      165.85776    4.31697 2932.39049      1.7758
  -96700    165.87676    4.28812 2932.30219      165.85749    4.31701 2932.39051      1.7779
  -96800    165.87652    4.28813 2932.30221      165.85723    4.31705 2932.39053      1.7800
  -96900    165.87628    4.28814 2932.30223      165.85696    4.31709 2932.39056      1.7820
  -97000    165.87604    4.28814 2932.30225      165.85670    4.31713 2932.39058      1.7841
  -97100    165.87580    4.28815 2932.30226      165.85644    4.31718 2932.39060      1.7861
  -97200    165.87555    4.28816 2932.30228      165.85617    4.31722 2932.39063      1.7882
  -97300    165.87531    4.28816 2932.30230      165.85591    4.31726 2932.39065      1.7903
  -97400    165.87507    4.28817 2932.30232      165.85565    4.31730 2932.39067      1.7923
  -97500    165.87483    4.28818 2932.30234      165.85538    4.31734 2932.39070      1.7944
  -97600    165.87458    4.28818 2932.30236      165.85512    4.31738 2932.39072      1.7965
  -97700    165.87434    4.28819 2932.30238      165.85486    4.31742 2932.39074      1.7985
  -97800    165.87410    4.28820 2932.30239      165.85459    4.31746 2932.39077      1.8006
  -97900    165.87386    4.28820 2932.30241      165.85433    4.31750 2932.39079      1.8026
  -98000    165.87362    4.28821 2932.30243      165.85407    4.31754 2932.39082      1.8047
  -98100    165.87337    4.28822 2932.30245      165.85380    4.31758 2932.39084      1.8068
  -98200    165.87313    4.28822 2932.30247      165.85354    4.31762 2932.39086      1.8088
  -98300    165.87289    4.28823 2932.30249      165.85328    4.31766 2932.39089      1.8109
  -98400    165.87265    4.28824 2932.30251      165.85301    4.31771 2932.39091      1.8129
  -98500    165.87241    4.28824 2932.30252      165.85275    4.31775 2932.39093      1.8150
  -98600    165.87216    4.28825 2932.30254      165.85249    4.31779 2932.39096      1.8171
  -98700    165.87192    4.28825 2932.30256      165.85222    4.31783 2932.39098      1.8191
  -98800    165.87168    4.28826 2932.30258      165.85196    4.31787 2932.39100      1.8212
  -98900    165.87144    4.28827 2932.30260      165.85169    4.31791 2932.39103      1.8233
  -99000    165.87119    4.28827 2932.30262      165.85143    4.31795 2932.39105      1.8253
  -99100    165.87095    4.28828 2932.30264      165.85117    4.31799 2932.39108      1.8274
  -99200    165.87071    4.28829 2932.30266      165.85090    4.31803 2932.39110      1.8294
  -99300    165.87047    4.28829 2932.30268      165.85064    4.31807 2932.39112      1.8315
  -99400    165.87023    4.28830 2932.30269      165.85038    4.31811 2932.39115      1.8336
  -99500    165.86998    4.28831 2932.30271      165.85011    4.31815 2932.39117      1.8356
  -99600    165.86974    4.28831 2932.30273      165.84985    4.31819 2932.39119      1.8377
  -99700    165.86950    4.28832 2932.30275      165.84959    4.31824 2932.39122      1.8397
  -99800    165.86926    4.28833 2932.30277      165.84932    4.31828 2932.39124      1.8418
  -99900    165.86902    4.28833 2932.30279      165.84906    4.31832 2932.39127      1.8439
