
# Values from file "two_trace/input.tsv", line #4:

# CoordType = 1
# α         = 5h 26m 30.155000s
# δ         = 42° 56′ 23.099000″
# π         = (0.3444 ± 0) mas (2,904, 2,904…2,904 pc)
# RV        = (0 ± 0) km/s
# µ_α*      = (1.55588 ± 0) mas/yr
# µ_δ       = (-2.53767 ± 0) mas/yr
# ID        = 0.0
# Comment   = 

# Values from file "two_trace/input.tsv", line #5:

# CoordType = 1
# α         = 5h 26m 29.249000s
# δ         = 42° 56′ 10.497000″
# π         = (0.34441 ± 0) mas (2,904, 2,904…2,904 pc)
# RV        = (0 ± 0) km/s
# µ_α*      = (0.78149 ± 0) mas/yr
# µ_δ       = (-3.90983 ± 0) mas/yr
# ID        = 0.0
# Comment   = 

# Columns:     Time Long1 Lat1 Dist1  ...
# ColumnUnits: year degree degree parsec degree degree parsec parsec

       0    166.11101    4.28173 2903.60046      166.11239    4.27749 2903.51616      0.2412
    -100    166.11076    4.28173 2903.60046      166.11213    4.27753 2903.51616      0.2392
    -200    166.11052    4.28174 2903.60046      166.11186    4.27757 2903.51616      0.2371
    -300    166.11028    4.28174 2903.60046      166.11160    4.27761 2903.51616      0.2351
    -400    166.11004    4.28174 2903.60046      166.11134    4.27766 2903.51616      0.2330
    -500    166.10979    4.28174 2903.60046      166.11108    4.27770 2903.51616      0.2310
    -600    166.10955    4.28175 2903.60046      166.11081    4.27774 2903.51616      0.2290
    -700    166.10931    4.28175 2903.60046      166.11055    4.27778 2903.51616      0.2269
    -800    166.10907    4.28175 2903.60046      166.11029    4.27782 2903.51616      0.2249
    -900    166.10882    4.28176 2903.60046      166.11003    4.27787 2903.51616      0.2229
   -1000    166.10858    4.28176 2903.60047      166.10977    4.27791 2903.51616      0.2209
   -1100    166.10834    4.28176 2903.60047      166.10950    4.27795 2903.51616      0.2188
   -1200    166.10810    4.28177 2903.60047      166.10924    4.27799 2903.51616      0.2168
   -1300    166.10785    4.28177 2903.60047      166.10898    4.27804 2903.51616      0.2148
   -1400    166.10761    4.28177 2903.60047      166.10872    4.27808 2903.51616      0.2128
   -1500    166.10737    4.28178 2903.60047      166.10845    4.27812 2903.51616      0.2108
   -1600    166.10713    4.28178 2903.60047      166.10819    4.27816 2903.51616      0.2088
   -1700    166.10688    4.28178 2903.60047      166.10793    4.27820 2903.51616      0.2068
   -1800    166.10664    4.28179 2903.60047      166.10767    4.27825 2903.51616      0.2048
   -1900    166.10640    4.28179 2903.60047      166.10740    4.27829 2903.51616      0.2028
   -2000    166.10616    4.28179 2903.60047      166.10714    4.27833 2903.51616      0.2009
   -2100    166.10591    4.28180 2903.60047      166.10688    4.27837 2903.51616      0.1989
   -2200    166.10567    4.28180 2903.60047      166.10662    4.27842 2903.51616      0.1969
   -2300    166.10543    4.28180 2903.60047      166.10636    4.27846 2903.51616      0.1950
   -2400    166.10519    4.28180 2903.60047      166.10609    4.27850 2903.51616      0.1930
   -2500    166.10494    4.28181 2903.60047      166.10583    4.27854 2903.51616      0.1910
   -2600    166.10470    4.28181 2903.60047      166.10557    4.27858 2903.51616      0.1891
   -2700    166.10446    4.28181 2903.60047      166.10531    4.27863 2903.51616      0.1872
   -2800    166.10422    4.28182 2903.60047      166.10504    4.27867 2903.51616      0.1852
   -2900    166.10397    4.28182 2903.60047      166.10478    4.27871 2903.51616      0.1833
   -3000    166.10373    4.28182 2903.60047      166.10452    4.27875 2903.51616      0.1814
   -3100    166.10349    4.28183 2903.60047      166.10426    4.27880 2903.51616      0.1795
   -3200    166.10325    4.28183 2903.60047      166.10399    4.27884 2903.51616      0.1776
   -3300    166.10300    4.28183 2903.60047      166.10373    4.27888 2903.51617      0.1757
   -3400    166.10276    4.28184 2903.60047      166.10347    4.27892 2903.51617      0.1738
   -3500    166.10252    4.28184 2903.60047      166.10321    4.27896 2903.51617      0.1719
   -3600    166.10228    4.28184 2903.60047      166.10294    4.27901 2903.51617      0.1700
   -3700    166.10203    4.28185 2903.60047      166.10268    4.27905 2903.51617      0.1681
   -3800    166.10179    4.28185 2903.60047      166.10242    4.27909 2903.51617      0.1663
   -3900    166.10155    4.28185 2903.60047      166.10216    4.27913 2903.51617      0.1644
   -4000    166.10131    4.28186 2903.60047      166.10190    4.27918 2903.51617      0.1626
   -4100    166.10106    4.28186 2903.60047      166.10163    4.27922 2903.51617      0.1608
   -4200    166.10082    4.28186 2903.60047      166.10137    4.27926 2903.51617      0.1589
   -4300    166.10058    4.28186 2903.60047      166.10111    4.27930 2903.51617      0.1571
   -4400    166.10034    4.28187 2903.60047      166.10085    4.27934 2903.51617      0.1553
   -4500    166.10009    4.28187 2903.60047      166.10058    4.27939 2903.51617      0.1535
   -4600    166.09985    4.28187 2903.60047      166.10032    4.27943 2903.51617      0.1517
   -4700    166.09961    4.28188 2903.60047      166.10006    4.27947 2903.51617      0.1500
   -4800    166.09937    4.28188 2903.60047      166.09980    4.27951 2903.51617      0.1482
   -4900    166.09912    4.28188 2903.60047      166.09953    4.27956 2903.51617      0.1465
   -5000    166.09888    4.28189 2903.60047      166.09927    4.27960 2903.51617      0.1448
   -5100    166.09864    4.28189 2903.60047      166.09901    4.27964 2903.51617      0.1430
   -5200    166.09840    4.28189 2903.60048      166.09875    4.27968 2903.51618      0.1413
   -5300    166.09815    4.28190 2903.60048      166.09849    4.27972 2903.51618      0.1396
   -5400    166.09791    4.28190 2903.60048      166.09822    4.27977 2903.51618      0.1380
   -5500    166.09767    4.28190 2903.60048      166.09796    4.27981 2903.51618      0.1363
   -5600    166.09743    4.28191 2903.60048      166.09770    4.27985 2903.51618      0.1347
   -5700    166.09718    4.28191 2903.60048      166.09744    4.27989 2903.51618      0.1331
   -5800    166.09694    4.28191 2903.60048      166.09717    4.27994 2903.51618      0.1314
   -5900    166.09670    4.28192 2903.60048      166.09691    4.27998 2903.51618      0.1299
   -6000    166.09646    4.28192 2903.60048      166.09665    4.28002 2903.51618      0.1283
   -6100    166.09621    4.28192 2903.60048      166.09639    4.28006 2903.51618      0.1267
   -6200    166.09597    4.28192 2903.60048      166.09612    4.28010 2903.51618      0.1252
   -6300    166.09573    4.28193 2903.60048      166.09586    4.28015 2903.51618      0.1237
   -6400    166.09549    4.28193 2903.60048      166.09560    4.28019 2903.51618      0.1222
   -6500    166.09524    4.28193 2903.60048      166.09534    4.28023 2903.51619      0.1207
   -6600    166.09500    4.28194 2903.60048      166.09507    4.28027 2903.51619      0.1193
   -6700    166.09476    4.28194 2903.60048      166.09481    4.28032 2903.51619      0.1179
   -6800    166.09452    4.28194 2903.60049      166.09455    4.28036 2903.51619      0.1165
   -6900    166.09427    4.28195 2903.60049      166.09429    4.28040 2903.51619      0.1151
   -7000    166.09403    4.28195 2903.60049      166.09403    4.28044 2903.51619      0.1138
   -7100    166.09379    4.28195 2903.60049      166.09376    4.28048 2903.51619      0.1125
   -7200    166.09355    4.28196 2903.60049      166.09350    4.28053 2903.51619      0.1112
   -7300    166.09330    4.28196 2903.60049      166.09324    4.28057 2903.51620      0.1099
   -7400    166.09306    4.28196 2903.60049      166.09298    4.28061 2903.51620      0.1087
   -7500    166.09282    4.28197 2903.60049      166.09271    4.28065 2903.51620      0.1075
   -7600    166.09258    4.28197 2903.60049      166.09245    4.28069 2903.51620      0.1064
   -7700    166.09233    4.28197 2903.60049      166.09219    4.28074 2903.51620      0.1052
   -7800    166.09209    4.28197 2903.60050      166.09193    4.28078 2903.51620      0.1041
   -7900    166.09185    4.28198 2903.60050      166.09166    4.28082 2903.51621      0.1031
   -8000    166.09161    4.28198 2903.60050      166.09140    4.28086 2903.51621      0.1021
   -8100    166.09136    4.28198 2903.60050      166.09114    4.28091 2903.51621      0.1011
   -8200    166.09112    4.28199 2903.60050      166.09088    4.28095 2903.51621      0.1002
   -8300    166.09088    4.28199 2903.60050      166.09062    4.28099 2903.51621      0.0993
   -8400    166.09064    4.28199 2903.60050      166.09035    4.28103 2903.51621      0.0984
   -8500    166.09039    4.28200 2903.60050      166.09009    4.28107 2903.51621      0.0976
   -8600    166.09015    4.28200 2903.60051      166.08983    4.28112 2903.51622      0.0968
   -8700    166.08991    4.28200 2903.60051      166.08957    4.28116 2903.51622      0.0961
   -8800    166.08967    4.28201 2903.60051      166.08930    4.28120 2903.51622      0.0954
   -8900    166.08942    4.28201 2903.60051      166.08904    4.28124 2903.51622      0.0948
   -9000    166.08918    4.28201 2903.60051      166.08878    4.28129 2903.51622      0.0942
   -9100    166.08894    4.28202 2903.60051      166.08852    4.28133 2903.51623      0.0937
   -9200    166.08870    4.28202 2903.60051      166.08825    4.28137 2903.51623      0.0932
   -9300    166.08845    4.28202 2903.60051      166.08799    4.28141 2903.51623      0.0928
   -9400    166.08821    4.28203 2903.60052      166.08773    4.28145 2903.51623      0.0924
   -9500    166.08797    4.28203 2903.60052      166.08747    4.28150 2903.51623      0.0920
   -9600    166.08773    4.28203 2903.60052      166.08720    4.28154 2903.51623      0.0918
   -9700    166.08748    4.28203 2903.60052      166.08694    4.28158 2903.51624      0.0915
   -9800    166.08724    4.28204 2903.60052      166.08668    4.28162 2903.51624      0.0914
   -9900    166.08700    4.28204 2903.60052      166.08642    4.28167 2903.51624      0.0912
  -10000    166.08676    4.28204 2903.60052      166.08616    4.28171 2903.51624      0.0912
  -10100    166.08651    4.28205 2903.60053      166.08589    4.28175 2903.51624      0.0912
  -10200    166.08627    4.28205 2903.60053      166.08563    4.28179 2903.51625      0.0912
  -10300    166.08603    4.28205 2903.60053      166.08537    4.28183 2903.51625      0.0913
  -10400    166.08579    4.28206 2903.60053      166.08511    4.28188 2903.51625      0.0915
  -10500    166.08554    4.28206 2903.60053      166.08484    4.28192 2903.51625      0.0917
  -10600    166.08530    4.28206 2903.60053      166.08458    4.28196 2903.51625      0.0919
  -10700    166.08506    4.28207 2903.60054      166.08432    4.28200 2903.51626      0.0922
  -10800    166.08482    4.28207 2903.60054      166.08406    4.28205 2903.51626      0.0926
  -10900    166.08457    4.28207 2903.60054      166.08379    4.28209 2903.51626      0.0930
  -11000    166.08433    4.28208 2903.60054      166.08353    4.28213 2903.51626      0.0935
  -11100    166.08409    4.28208 2903.60054      166.08327    4.28217 2903.51627      0.0940
  -11200    166.08385    4.28208 2903.60054      166.08301    4.28221 2903.51627      0.0946
  -11300    166.08360    4.28208 2903.60055      166.08275    4.28226 2903.51627      0.0952
  -11400    166.08336    4.28209 2903.60055      166.08248    4.28230 2903.51627      0.0958
  -11500    166.08312    4.28209 2903.60055      166.08222    4.28234 2903.51628      0.0965
  -11600    166.08288    4.28209 2903.60055      166.08196    4.28238 2903.51628      0.0973
  -11700    166.08263    4.28210 2903.60055      166.08170    4.28242 2903.51628      0.0981
  -11800    166.08239    4.28210 2903.60056      166.08143    4.28247 2903.51628      0.0989
  -11900    166.08215    4.28210 2903.60056      166.08117    4.28251 2903.51628      0.0998
  -12000    166.08191    4.28211 2903.60056      166.08091    4.28255 2903.51629      0.1007
  -12100    166.08166    4.28211 2903.60056      166.08065    4.28259 2903.51629      0.1017
  -12200    166.08142    4.28211 2903.60056      166.08038    4.28264 2903.51629      0.1027
  -12300    166.08118    4.28212 2903.60057      166.08012    4.28268 2903.51630      0.1037
  -12400    166.08094    4.28212 2903.60057      166.07986    4.28272 2903.51630      0.1048
  -12500    166.08069    4.28212 2903.60057      166.07960    4.28276 2903.51630      0.1059
  -12600    166.08045    4.28213 2903.60057      166.07934    4.28280 2903.51630      0.1071
  -12700    166.08021    4.28213 2903.60057      166.07907    4.28285 2903.51631      0.1082
  -12800    166.07997    4.28213 2903.60058      166.07881    4.28289 2903.51631      0.1095
  -12900    166.07972    4.28214 2903.60058      166.07855    4.28293 2903.51631      0.1107
  -13000    166.07948    4.28214 2903.60058      166.07829    4.28297 2903.51632      0.1120
  -13100    166.07924    4.28214 2903.60058      166.07802    4.28302 2903.51632      0.1133
  -13200    166.07900    4.28214 2903.60059      166.07776    4.28306 2903.51632      0.1146
  -13300    166.07875    4.28215 2903.60059      166.07750    4.28310 2903.51632      0.1160
  -13400    166.07851    4.28215 2903.60059      166.07724    4.28314 2903.51633      0.1173
  -13500    166.07827    4.28215 2903.60059      166.07697    4.28318 2903.51633      0.1188
  -13600    166.07803    4.28216 2903.60059      166.07671    4.28323 2903.51633      0.1202
  -13700    166.07778    4.28216 2903.60060      166.07645    4.28327 2903.51634      0.1216
  -13800    166.07754    4.28216 2903.60060      166.07619    4.28331 2903.51634      0.1231
  -13900    166.07730    4.28217 2903.60060      166.07592    4.28335 2903.51634      0.1246
  -14000    166.07706    4.28217 2903.60060      166.07566    4.28340 2903.51634      0.1262
  -14100    166.07681    4.28217 2903.60061      166.07540    4.28344 2903.51635      0.1277
  -14200    166.07657    4.28218 2903.60061      166.07514    4.28348 2903.51635      0.1293
  -14300    166.07633    4.28218 2903.60061      166.07488    4.28352 2903.51635      0.1308
  -14400    166.07609    4.28218 2903.60061      166.07461    4.28356 2903.51636      0.1324
  -14500    166.07584    4.28219 2903.60062      166.07435    4.28361 2903.51637      0.1341
  -14600    166.07560    4.28219 2903.60062      166.07409    4.28365 2903.51637      0.1357
  -14700    166.07536    4.28219 2903.60063      166.07383    4.28369 2903.51637      0.1373
  -14800    166.07512    4.28219 2903.60063      166.07356    4.28373 2903.51638      0.1390
  -14900    166.07487    4.28220 2903.60063      166.07330    4.28377 2903.51638      0.1407
  -15000    166.07463    4.28220 2903.60063      166.07304    4.28382 2903.51638      0.1424
  -15100    166.07439    4.28220 2903.60064      166.07278    4.28386 2903.51639      0.1441
  -15200    166.07415    4.28221 2903.60064      166.07251    4.28390 2903.51639      0.1458
  -15300    166.07390    4.28221 2903.60064      166.07225    4.28394 2903.51639      0.1476
  -15400    166.07366    4.28221 2903.60065      166.07199    4.28399 2903.51640      0.1493
  -15500    166.07342    4.28222 2903.60065      166.07173    4.28403 2903.51640      0.1511
  -15600    166.07318    4.28222 2903.60065      166.07147    4.28407 2903.51640      0.1528
  -15700    166.07293    4.28222 2903.60065      166.07120    4.28411 2903.51641      0.1546
  -15800    166.07269    4.28223 2903.60066      166.07094    4.28415 2903.51641      0.1564
  -15900    166.07245    4.28223 2903.60066      166.07068    4.28420 2903.51641      0.1582
  -16000    166.07221    4.28223 2903.60066      166.07042    4.28424 2903.51642      0.1601
  -16100    166.07196    4.28224 2903.60066      166.07015    4.28428 2903.51642      0.1619
  -16200    166.07172    4.28224 2903.60067      166.06989    4.28432 2903.51642      0.1637
  -16300    166.07148    4.28224 2903.60067      166.06963    4.28437 2903.51643      0.1656
  -16400    166.07124    4.28224 2903.60067      166.06937    4.28441 2903.51643      0.1674
  -16500    166.07099    4.28225 2903.60068      166.06910    4.28445 2903.51644      0.1693
  -16600    166.07075    4.28225 2903.60068      166.06884    4.28449 2903.51644      0.1712
  -16700    166.07051    4.28225 2903.60068      166.06858    4.28453 2903.51644      0.1730
  -16800    166.07027    4.28226 2903.60069      166.06832    4.28458 2903.51645      0.1749
  -16900    166.07002    4.28226 2903.60069      166.06806    4.28462 2903.51645      0.1768
  -17000    166.06978    4.28226 2903.60069      166.06779    4.28466 2903.51645      0.1787
  -17100    166.06954    4.28227 2903.60069      166.06753    4.28470 2903.51646      0.1806
  -17200    166.06930    4.28227 2903.60070      166.06727    4.28475 2903.51646      0.1826
  -17300    166.06905    4.28227 2903.60070      166.06701    4.28479 2903.51647      0.1845
  -17400    166.06881    4.28228 2903.60070      166.06674    4.28483 2903.51647      0.1864
  -17500    166.06857    4.28228 2903.60071      166.06648    4.28487 2903.51648      0.1884
  -17600    166.06833    4.28228 2903.60072      166.06622    4.28491 2903.51648      0.1903
  -17700    166.06808    4.28229 2903.60072      166.06596    4.28496 2903.51649      0.1923
  -17800    166.06784    4.28229 2903.60072      166.06569    4.28500 2903.51649      0.1942
  -17900    166.06760    4.28229 2903.60072      166.06543    4.28504 2903.51650      0.1962
  -18000    166.06736    4.28229 2903.60073      166.06517    4.28508 2903.51650      0.1981
  -18100    166.06711    4.28230 2903.60073      166.06491    4.28512 2903.51650      0.2001
  -18200    166.06687    4.28230 2903.60073      166.06465    4.28517 2903.51651      0.2021
  -18300    166.06663    4.28230 2903.60074      166.06438    4.28521 2903.51651      0.2041
  -18400    166.06639    4.28231 2903.60074      166.06412    4.28525 2903.51652      0.2061
  -18500    166.06614    4.28231 2903.60074      166.06386    4.28529 2903.51652      0.2080
  -18600    166.06590    4.28231 2903.60075      166.06360    4.28534 2903.51652      0.2100
  -18700    166.06566    4.28232 2903.60075      166.06333    4.28538 2903.51653      0.2120
  -18800    166.06542    4.28232 2903.60075      166.06307    4.28542 2903.51653      0.2140
  -18900    166.06517    4.28232 2903.60076      166.06281    4.28546 2903.51654      0.2161
  -19000    166.06493    4.28233 2903.60076      166.06255    4.28550 2903.51654      0.2181
  -19100    166.06469    4.28233 2903.60077      166.06228    4.28555 2903.51655      0.2201
  -19200    166.06445    4.28233 2903.60077      166.06202    4.28559 2903.51655      0.2221
  -19300    166.06420    4.28234 2903.60077      166.06176    4.28563 2903.51656      0.2241
  -19400    166.06396    4.28234 2903.60078      166.06150    4.28567 2903.51656      0.2262
  -19500    166.06372    4.28234 2903.60078      166.06124    4.28572 2903.51656      0.2282
  -19600    166.06348    4.28234 2903.60078      166.06097    4.28576 2903.51657      0.2302
  -19700    166.06323    4.28235 2903.60079      166.06071    4.28580 2903.51657      0.2323
  -19800    166.06299    4.28235 2903.60079      166.06045    4.28584 2903.51658      0.2343
  -19900    166.06275    4.28235 2903.60079      166.06019    4.28588 2903.51658      0.2363
  -20000    166.06251    4.28236 2903.60080      166.05992    4.28593 2903.51659      0.2384
  -20100    166.06226    4.28236 2903.60080      166.05966    4.28597 2903.51659      0.2404
  -20200    166.06202    4.28236 2903.60080      166.05940    4.28601 2903.51660      0.2425
  -20300    166.06178    4.28237 2903.60081      166.05914    4.28605 2903.51660      0.2446
  -20400    166.06154    4.28237 2903.60081      166.05887    4.28609 2903.51661      0.2466
  -20500    166.06129    4.28237 2903.60082      166.05861    4.28614 2903.51661      0.2487
  -20600    166.06105    4.28238 2903.60082      166.05835    4.28618 2903.51662      0.2507
  -20700    166.06081    4.28238 2903.60082      166.05809    4.28622 2903.51662      0.2528
  -20800    166.06057    4.28238 2903.60083      166.05783    4.28626 2903.51663      0.2549
  -20900    166.06032    4.28239 2903.60083      166.05756    4.28631 2903.51663      0.2570
  -21000    166.06008    4.28239 2903.60084      166.05730    4.28635 2903.51664      0.2590
  -21100    166.05984    4.28239 2903.60084      166.05704    4.28639 2903.51664      0.2611
  -21200    166.05960    4.28239 2903.60084      166.05678    4.28643 2903.51665      0.2632
  -21300    166.05935    4.28240 2903.60085      166.05651    4.28647 2903.51665      0.2653
  -21400    166.05911    4.28240 2903.60085      166.05625    4.28652 2903.51666      0.2674
  -21500    166.05887    4.28240 2903.60086      166.05599    4.28656 2903.51666      0.2694
  -21600    166.05863    4.28241 2903.60086      166.05573    4.28660 2903.51667      0.2715
  -21700    166.05838    4.28241 2903.60086      166.05546    4.28664 2903.51667      0.2736
  -21800    166.05814    4.28241 2903.60087      166.05520    4.28668 2903.51668      0.2757
  -21900    166.05790    4.28242 2903.60087      166.05494    4.28673 2903.51668      0.2778
  -22000    166.05766    4.28242 2903.60088      166.05468    4.28677 2903.51669      0.2799
  -22100    166.05741    4.28242 2903.60088      166.05442    4.28681 2903.51669      0.2820
  -22200    166.05717    4.28243 2903.60088      166.05415    4.28685 2903.51670      0.2841
  -22300    166.05693    4.28243 2903.60089      166.05389    4.28690 2903.51670      0.2862
  -22400    166.05669    4.28243 2903.60089      166.05363    4.28694 2903.51671      0.2883
  -22500    166.05644    4.28244 2903.60090      166.05337    4.28698 2903.51671      0.2904
  -22600    166.05620    4.28244 2903.60090      166.05310    4.28702 2903.51672      0.2925
  -22700    166.05596    4.28244 2903.60091      166.05284    4.28706 2903.51672      0.2946
  -22800    166.05572    4.28244 2903.60091      166.05258    4.28711 2903.51673      0.2967
  -22900    166.05547    4.28245 2903.60091      166.05232    4.28715 2903.51673      0.2988
  -23000    166.05523    4.28245 2903.60092      166.05205    4.28719 2903.51674      0.3010
  -23100    166.05499    4.28245 2903.60092      166.05179    4.28723 2903.51674      0.3031
  -23200    166.05475    4.28246 2903.60093      166.05153    4.28728 2903.51675      0.3052
  -23300    166.05450    4.28246 2903.60093      166.05127    4.28732 2903.51676      0.3073
  -23400    166.05426    4.28246 2903.60094      166.05101    4.28736 2903.51676      0.3094
  -23500    166.05402    4.28247 2903.60094      166.05074    4.28740 2903.51677      0.3115
  -23600    166.05378    4.28247 2903.60095      166.05048    4.28744 2903.51677      0.3137
  -23700    166.05353    4.28247 2903.60095      166.05022    4.28749 2903.51678      0.3158
  -23800    166.05329    4.28248 2903.60095      166.04996    4.28753 2903.51678      0.3179
  -23900    166.05305    4.28248 2903.60096      166.04969    4.28757 2903.51679      0.3200
  -24000    166.05281    4.28248 2903.60096      166.04943    4.28761 2903.51680      0.3222
  -24100    166.05256    4.28248 2903.60097      166.04917    4.28765 2903.51680      0.3243
  -24200    166.05232    4.28249 2903.60097      166.04891    4.28770 2903.51681      0.3264
  -24300    166.05208    4.28249 2903.60098      166.04864    4.28774 2903.51681      0.3286
  -24400    166.05184    4.28249 2903.60098      166.04838    4.28778 2903.51682      0.3307
  -24500    166.05159    4.28250 2903.60099      166.04812    4.28782 2903.51683      0.3328
  -24600    166.05135    4.28250 2903.60099      166.04786    4.28787 2903.51683      0.3350
  -24700    166.05111    4.28250 2903.60100      166.04760    4.28791 2903.51684      0.3371
  -24800    166.05087    4.28251 2903.60100      166.04733    4.28795 2903.51684      0.3392
  -24900    166.05063    4.28251 2903.60101      166.04707    4.28799 2903.51685      0.3414
  -25000    166.05038    4.28251 2903.60101      166.04681    4.28803 2903.51685      0.3435
  -25100    166.05014    4.28252 2903.60102      166.04655    4.28808 2903.51686      0.3456
  -25200    166.04990    4.28252 2903.60102      166.04628    4.28812 2903.51687      0.3478
  -25300    166.04966    4.28252 2903.60102      166.04602    4.28816 2903.51687      0.3499
  -25400    166.04941    4.28253 2903.60103      166.04576    4.28820 2903.51688      0.3521
  -25500    166.04917    4.28253 2903.60103      166.04550    4.28824 2903.51688      0.3542
  -25600    166.04893    4.28253 2903.60104      166.04523    4.28829 2903.51689      0.3563
  -25700    166.04869    4.28253 2903.60104      166.04497    4.28833 2903.51690      0.3585
  -25800    166.04844    4.28254 2903.60105      166.04471    4.28837 2903.51690      0.3606
  -25900    166.04820    4.28254 2903.60105      166.04445    4.28841 2903.51691      0.3628
  -26000    166.04796    4.28254 2903.60106      166.04419    4.28846 2903.51691      0.3649
  -26100    166.04772    4.28255 2903.60106      166.04392    4.28850 2903.51692      0.3671
  -26200    166.04747    4.28255 2903.60107      166.04366    4.28854 2903.51693      0.3692
  -26300    166.04723    4.28255 2903.60107      166.04340    4.28858 2903.51693      0.3714
  -26400    166.04699    4.28256 2903.60108      166.04314    4.28862 2903.51694      0.3735
  -26500    166.04675    4.28256 2903.60108      166.04287    4.28867 2903.51694      0.3757
  -26600    166.04650    4.28256 2903.60109      166.04261    4.28871 2903.51695      0.3778
  -26700    166.04626    4.28257 2903.60109      166.04235    4.28875 2903.51696      0.3800
  -26800    166.04602    4.28257 2903.60110      166.04209    4.28879 2903.51696      0.3821
  -26900    166.04578    4.28257 2903.60110      166.04182    4.28884 2903.51697      0.3843
  -27000    166.04553    4.28258 2903.60111      166.04156    4.28888 2903.51698      0.3864
  -27100    166.04529    4.28258 2903.60111      166.04130    4.28892 2903.51698      0.3886
  -27200    166.04505    4.28258 2903.60112      166.04104    4.28896 2903.51699      0.3908
  -27300    166.04481    4.28258 2903.60112      166.04078    4.28900 2903.51699      0.3929
  -27400    166.04456    4.28259 2903.60113      166.04051    4.28905 2903.51700      0.3951
  -27500    166.04432    4.28259 2903.60113      166.04025    4.28909 2903.51701      0.3972
  -27600    166.04408    4.28259 2903.60114      166.03999    4.28913 2903.51701      0.3994
  -27700    166.04384    4.28260 2903.60114      166.03973    4.28917 2903.51702      0.4016
  -27800    166.04359    4.28260 2903.60115      166.03946    4.28921 2903.51703      0.4037
  -27900    166.04335    4.28260 2903.60115      166.03920    4.28926 2903.51703      0.4059
  -28000    166.04311    4.28261 2903.60116      166.03894    4.28930 2903.51704      0.4080
  -28100    166.04287    4.28261 2903.60116      166.03868    4.28934 2903.51705      0.4102
  -28200    166.04262    4.28261 2903.60117      166.03841    4.28938 2903.51705      0.4124
  -28300    166.04238    4.28262 2903.60117      166.03815    4.28943 2903.51706      0.4145
  -28400    166.04214    4.28262 2903.60118      166.03789    4.28947 2903.51707      0.4167
  -28500    166.04190    4.28262 2903.60118      166.03763    4.28951 2903.51707      0.4189
  -28600    166.04165    4.28262 2903.60119      166.03737    4.28955 2903.51708      0.4210
  -28700    166.04141    4.28263 2903.60120      166.03710    4.28959 2903.51709      0.4232
  -28800    166.04117    4.28263 2903.60120      166.03684    4.28964 2903.51709      0.4254
  -28900    166.04093    4.28263 2903.60121      166.03658    4.28968 2903.51710      0.4275
  -29000    166.04068    4.28264 2903.60121      166.03632    4.28972 2903.51711      0.4297
  -29100    166.04044    4.28264 2903.60122      166.03605    4.28976 2903.51711      0.4319
  -29200    166.04020    4.28264 2903.60122      166.03579    4.28980 2903.51712      0.4340
  -29300    166.03996    4.28265 2903.60123      166.03553    4.28985 2903.51713      0.4362
  -29400    166.03971    4.28265 2903.60123      166.03527    4.28989 2903.51713      0.4384
  -29500    166.03947    4.28265 2903.60124      166.03500    4.28993 2903.51714      0.4405
  -29600    166.03923    4.28266 2903.60124      166.03474    4.28997 2903.51715      0.4427
  -29700    166.03899    4.28266 2903.60125      166.03448    4.29002 2903.51715      0.4449
  -29800    166.03874    4.28266 2903.60126      166.03422    4.29006 2903.51717      0.4470
  -29900    166.03850    4.28266 2903.60127      166.03396    4.29010 2903.51717      0.4492
  -30000    166.03826    4.28267 2903.60127      166.03369    4.29014 2903.51718      0.4514
  -30100    166.03802    4.28267 2903.60128      166.03343    4.29018 2903.51719      0.4536
  -30200    166.03777    4.28267 2903.60128      166.03317    4.29023 2903.51720      0.4557
  -30300    166.03753    4.28268 2903.60129      166.03291    4.29027 2903.51720      0.4579
  -30400    166.03729    4.28268 2903.60129      166.03264    4.29031 2903.51721      0.4601
  -30500    166.03705    4.28268 2903.60130      166.03238    4.29035 2903.51722      0.4623
  -30600    166.03680    4.28269 2903.60131      166.03212    4.29039 2903.51722      0.4644
  -30700    166.03656    4.28269 2903.60131      166.03186    4.29044 2903.51723      0.4666
  -30800    166.03632    4.28269 2903.60132      166.03160    4.29048 2903.51724      0.4688
  -30900    166.03608    4.28270 2903.60132      166.03133    4.29052 2903.51725      0.4710
  -31000    166.03583    4.28270 2903.60133      166.03107    4.29056 2903.51725      0.4731
  -31100    166.03559    4.28270 2903.60133      166.03081    4.29061 2903.51726      0.4753
  -31200    166.03535    4.28271 2903.60134      166.03055    4.29065 2903.51727      0.4775
  -31300    166.03511    4.28271 2903.60135      166.03028    4.29069 2903.51727      0.4797
  -31400    166.03486    4.28271 2903.60135      166.03002    4.29073 2903.51728      0.4818
  -31500    166.03462    4.28271 2903.60136      166.02976    4.29077 2903.51729      0.4840
  -31600    166.03438    4.28272 2903.60136      166.02950    4.29082 2903.51730      0.4862
  -31700    166.03414    4.28272 2903.60137      166.02923    4.29086 2903.51730      0.4884
  -31800    166.03389    4.28272 2903.60138      166.02897    4.29090 2903.51731      0.4906
  -31900    166.03365    4.28273 2903.60138      166.02871    4.29094 2903.51732      0.4927
  -32000    166.03341    4.28273 2903.60139      166.02845    4.29098 2903.51733      0.4949
  -32100    166.03317    4.28273 2903.60139      166.02819    4.29103 2903.51733      0.4971
  -32200    166.03292    4.28274 2903.60140      166.02792    4.29107 2903.51734      0.4993
  -32300    166.03268    4.28274 2903.60141      166.02766    4.29111 2903.51735      0.5015
  -32400    166.03244    4.28274 2903.60141      166.02740    4.29115 2903.51736      0.5036
  -32500    166.03220    4.28275 2903.60142      166.02714    4.29120 2903.51736      0.5058
  -32600    166.03195    4.28275 2903.60142      166.02687    4.29124 2903.51737      0.5080
  -32700    166.03171    4.28275 2903.60143      166.02661    4.29128 2903.51738      0.5102
  -32800    166.03147    4.28275 2903.60144      166.02635    4.29132 2903.51739      0.5124
  -32900    166.03123    4.28276 2903.60144      166.02609    4.29136 2903.51740      0.5145
  -33000    166.03098    4.28276 2903.60145      166.02582    4.29141 2903.51740      0.5167
  -33100    166.03074    4.28276 2903.60145      166.02556    4.29145 2903.51741      0.5189
  -33200    166.03050    4.28277 2903.60146      166.02530    4.29149 2903.51742      0.5211
  -33300    166.03026    4.28277 2903.60147      166.02504    4.29153 2903.51743      0.5233
  -33400    166.03002    4.28277 2903.60147      166.02478    4.29157 2903.51743      0.5255
  -33500    166.02977    4.28278 2903.60148      166.02451    4.29162 2903.51744      0.5276
  -33600    166.02953    4.28278 2903.60149      166.02425    4.29166 2903.51745      0.5298
  -33700    166.02929    4.28278 2903.60149      166.02399    4.29170 2903.51746      0.5320
  -33800    166.02905    4.28279 2903.60150      166.02373    4.29174 2903.51747      0.5342
  -33900    166.02880    4.28279 2903.60150      166.02346    4.29179 2903.51747      0.5364
  -34000    166.02856    4.28279 2903.60151      166.02320    4.29183 2903.51748      0.5386
  -34100    166.02832    4.28279 2903.60152      166.02294    4.29187 2903.51749      0.5408
  -34200    166.02808    4.28280 2903.60152      166.02268    4.29191 2903.51750      0.5429
  -34300    166.02783    4.28280 2903.60153      166.02241    4.29195 2903.51751      0.5451
  -34400    166.02759    4.28280 2903.60154      166.02215    4.29200 2903.51751      0.5473
  -34500    166.02735    4.28281 2903.60154      166.02189    4.29204 2903.51752      0.5495
  -34600    166.02711    4.28281 2903.60155      166.02163    4.29208 2903.51753      0.5517
  -34700    166.02686    4.28281 2903.60156      166.02137    4.29212 2903.51754      0.5539
  -34800    166.02662    4.28282 2903.60156      166.02110    4.29216 2903.51755      0.5561
  -34900    166.02638    4.28282 2903.60157      166.02084    4.29221 2903.51756      0.5583
  -35000    166.02614    4.28282 2903.60158      166.02058    4.29225 2903.51756      0.5604
  -35100    166.02589    4.28283 2903.60158      166.02032    4.29229 2903.51757      0.5626
  -35200    166.02565    4.28283 2903.60159      166.02005    4.29233 2903.51758      0.5648
  -35300    166.02541    4.28283 2903.60160      166.01979    4.29238 2903.51759      0.5670
  -35400    166.02517    4.28284 2903.60160      166.01953    4.29242 2903.51760      0.5692
  -35500    166.02492    4.28284 2903.60161      166.01927    4.29246 2903.51760      0.5714
  -35600    166.02468    4.28284 2903.60162      166.01901    4.29250 2903.51761      0.5736
  -35700    166.02444    4.28284 2903.60162      166.01874    4.29254 2903.51762      0.5758
  -35800    166.02420    4.28285 2903.60163      166.01848    4.29259 2903.51763      0.5780
  -35900    166.02395    4.28285 2903.60164      166.01822    4.29263 2903.51764      0.5802
  -36000    166.02371    4.28285 2903.60164      166.01796    4.29267 2903.51765      0.5823
  -36100    166.02347    4.28286 2903.60165      166.01769    4.29271 2903.51766      0.5845
  -36200    166.02323    4.28286 2903.60166      166.01743    4.29275 2903.51766      0.5867
  -36300    166.02298    4.28286 2903.60166      166.01717    4.29280 2903.51767      0.5889
  -36400    166.02274    4.28287 2903.60167      166.01691    4.29284 2903.51768      0.5911
  -36500    166.02250    4.28287 2903.60168      166.01664    4.29288 2903.51769      0.5933
  -36600    166.02226    4.28287 2903.60168      166.01638    4.29292 2903.51770      0.5955
  -36700    166.02201    4.28288 2903.60169      166.01612    4.29297 2903.51771      0.5977
  -36800    166.02177    4.28288 2903.60170      166.01586    4.29301 2903.51772      0.5999
  -36900    166.02153    4.28288 2903.60170      166.01560    4.29305 2903.51772      0.6021
  -37000    166.02129    4.28288 2903.60171      166.01533    4.29309 2903.51773      0.6043
  -37100    166.02104    4.28289 2903.60172      166.01507    4.29313 2903.51774      0.6065
  -37200    166.02080    4.28289 2903.60172      166.01481    4.29318 2903.51775      0.6086
  -37300    166.02056    4.28289 2903.60173      166.01455    4.29322 2903.51776      0.6108
  -37400    166.02032    4.28290 2903.60174      166.01428    4.29326 2903.51777      0.6130
  -37500    166.02007    4.28290 2903.60175      166.01402    4.29330 2903.51778      0.6152
  -37600    166.01983    4.28290 2903.60175      166.01376    4.29334 2903.51779      0.6174
  -37700    166.01959    4.28291 2903.60176      166.01350    4.29339 2903.51779      0.6196
  -37800    166.01935    4.28291 2903.60177      166.01323    4.29343 2903.51780      0.6218
  -37900    166.01910    4.28291 2903.60177      166.01297    4.29347 2903.51781      0.6240
  -38000    166.01886    4.28292 2903.60178      166.01271    4.29351 2903.51782      0.6262
  -38100    166.01862    4.28292 2903.60179      166.01245    4.29356 2903.51783      0.6284
  -38200    166.01838    4.28292 2903.60180      166.01219    4.29360 2903.51784      0.6306
  -38300    166.01813    4.28292 2903.60180      166.01192    4.29364 2903.51785      0.6328
  -38400    166.01789    4.28293 2903.60181      166.01166    4.29368 2903.51786      0.6350
  -38500    166.01765    4.28293 2903.60182      166.01140    4.29372 2903.51787      0.6372
  -38600    166.01741    4.28293 2903.60182      166.01114    4.29377 2903.51788      0.6394
  -38700    166.01716    4.28294 2903.60183      166.01087    4.29381 2903.51788      0.6416
  -38800    166.01692    4.28294 2903.60184      166.01061    4.29385 2903.51789      0.6438
  -38900    166.01668    4.28294 2903.60185      166.01035    4.29389 2903.51790      0.6460
  -39000    166.01644    4.28295 2903.60185      166.01009    4.29393 2903.51791      0.6482
  -39100    166.01620    4.28295 2903.60186      166.00983    4.29398 2903.51792      0.6503
  -39200    166.01595    4.28295 2903.60187      166.00956    4.29402 2903.51793      0.6525
  -39300    166.01571    4.28296 2903.60188      166.00930    4.29406 2903.51794      0.6547
  -39400    166.01547    4.28296 2903.60188      166.00904    4.29410 2903.51795      0.6569
  -39500    166.01523    4.28296 2903.60189      166.00878    4.29414 2903.51796      0.6591
  -39600    166.01498    4.28296 2903.60190      166.00851    4.29419 2903.51797      0.6613
  -39700    166.01474    4.28297 2903.60190      166.00825    4.29423 2903.51798      0.6635
  -39800    166.01450    4.28297 2903.60191      166.00799    4.29427 2903.51799      0.6657
  -39900    166.01426    4.28297 2903.60192      166.00773    4.29431 2903.51800      0.6679
  -40000    166.01401    4.28298 2903.60193      166.00746    4.29436 2903.51800      0.6701
  -40100    166.01377    4.28298 2903.60193      166.00720    4.29440 2903.51801      0.6723
  -40200    166.01353    4.28298 2903.60194      166.00694    4.29444 2903.51802      0.6745
  -40300    166.01329    4.28299 2903.60195      166.00668    4.29448 2903.51803      0.6767
  -40400    166.01304    4.28299 2903.60196      166.00642    4.29452 2903.51804      0.6789
  -40500    166.01280    4.28299 2903.60197      166.00615    4.29457 2903.51805      0.6811
  -40600    166.01256    4.28300 2903.60197      166.00589    4.29461 2903.51806      0.6833
  -40700    166.01232    4.28300 2903.60198      166.00563    4.29465 2903.51807      0.6855
  -40800    166.01207    4.28300 2903.60199      166.00537    4.29469 2903.51808      0.6877
  -40900    166.01183    4.28300 2903.60200      166.00510    4.29473 2903.51809      0.6899
  -41000    166.01159    4.28301 2903.60200      166.00484    4.29478 2903.51810      0.6921
  -41100    166.01135    4.28301 2903.60201      166.00458    4.29482 2903.51811      0.6943
  -41200    166.01110    4.28301 2903.60202      166.00432    4.29486 2903.51812      0.6965
  -41300    166.01086    4.28302 2903.60203      166.00406    4.29490 2903.51813      0.6987
  -41400    166.01062    4.28302 2903.60203      166.00379    4.29495 2903.51814      0.7009
  -41500    166.01038    4.28302 2903.60204      166.00353    4.29499 2903.51815      0.7031
  -41600    166.01013    4.28303 2903.60205      166.00327    4.29503 2903.51816      0.7053
  -41700    166.00989    4.28303 2903.60206      166.00301    4.29507 2903.51817      0.7075
  -41800    166.00965    4.28303 2903.60207      166.00274    4.29511 2903.51818      0.7097
  -41900    166.00941    4.28304 2903.60207      166.00248    4.29516 2903.51819      0.7119
  -42000    166.00916    4.28304 2903.60208      166.00222    4.29520 2903.51820      0.7141
  -42100    166.00892    4.28304 2903.60209      166.00196    4.29524 2903.51821      0.7163
  -42200    166.00868    4.28304 2903.60210      166.00169    4.29528 2903.51822      0.7185
  -42300    166.00844    4.28305 2903.60210      166.00143    4.29532 2903.51823      0.7207
  -42400    166.00819    4.28305 2903.60211      166.00117    4.29537 2903.51824      0.7229
  -42500    166.00795    4.28305 2903.60212      166.00091    4.29541 2903.51825      0.7251
  -42600    166.00771    4.28306 2903.60213      166.00065    4.29545 2903.51826      0.7273
  -42700    166.00747    4.28306 2903.60214      166.00038    4.29549 2903.51827      0.7295
  -42800    166.00722    4.28306 2903.60214      166.00012    4.29553 2903.51828      0.7317
  -42900    166.00698    4.28307 2903.60215      165.99986    4.29558 2903.51829      0.7339
  -43000    166.00674    4.28307 2903.60216      165.99960    4.29562 2903.51830      0.7361
  -43100    166.00650    4.28307 2903.60217      165.99933    4.29566 2903.51831      0.7383
  -43200    166.00625    4.28307 2903.60218      165.99907    4.29570 2903.51832      0.7405
  -43300    166.00601    4.28308 2903.60219      165.99881    4.29575 2903.51833      0.7427
  -43400    166.00577    4.28308 2903.60220      165.99855    4.29579 2903.51834      0.7449
  -43500    166.00553    4.28308 2903.60221      165.99829    4.29583 2903.51835      0.7471
  -43600    166.00528    4.28309 2903.60222      165.99802    4.29587 2903.51836      0.7493
  -43700    166.00504    4.28309 2903.60222      165.99776    4.29591 2903.51838      0.7515
  -43800    166.00480    4.28309 2903.60223      165.99750    4.29596 2903.51839      0.7537
  -43900    166.00456    4.28310 2903.60224      165.99724    4.29600 2903.51840      0.7559
  -44000    166.00432    4.28310 2903.60225      165.99697    4.29604 2903.51841      0.7581
  -44100    166.00407    4.28310 2903.60226      165.99671    4.29608 2903.51842      0.7603
  -44200    166.00383    4.28311 2903.60226      165.99645    4.29612 2903.51843      0.7625
  -44300    166.00359    4.28311 2903.60227      165.99619    4.29617 2903.51844      0.7647
  -44400    166.00335    4.28311 2903.60228      165.99592    4.29621 2903.51845      0.7669
  -44500    166.00310    4.28311 2903.60229      165.99566    4.29625 2903.51846      0.7691
  -44600    166.00286    4.28312 2903.60230      165.99540    4.29629 2903.51847      0.7713
  -44700    166.00262    4.28312 2903.60231      165.99514    4.29634 2903.51848      0.7735
  -44800    166.00238    4.28312 2903.60232      165.99488    4.29638 2903.51849      0.7757
  -44900    166.00213    4.28313 2903.60232      165.99461    4.29642 2903.51850      0.7779
  -45000    166.00189    4.28313 2903.60233      165.99435    4.29646 2903.51851      0.7801
  -45100    166.00165    4.28313 2903.60234      165.99409    4.29650 2903.51852      0.7823
  -45200    166.00141    4.28314 2903.60235      165.99383    4.29655 2903.51853      0.7845
  -45300    166.00116    4.28314 2903.60236      165.99356    4.29659 2903.51854      0.7867
  -45400    166.00092    4.28314 2903.60237      165.99330    4.29663 2903.51855      0.7889
  -45500    166.00068    4.28315 2903.60237      165.99304    4.29667 2903.51857      0.7912
  -45600    166.00044    4.28315 2903.60238      165.99278    4.29671 2903.51858      0.7934
  -45700    166.00019    4.28315 2903.60239      165.99252    4.29676 2903.51859      0.7956
  -45800    165.99995    4.28315 2903.60240      165.99225    4.29680 2903.51860      0.7978
  -45900    165.99971    4.28316 2903.60241      165.99199    4.29684 2903.51861      0.8000
  -46000    165.99947    4.28316 2903.60242      165.99173    4.29688 2903.51862      0.8022
  -46100    165.99922    4.28316 2903.60243      165.99147    4.29692 2903.51863      0.8044
  -46200    165.99898    4.28317 2903.60244      165.99120    4.29697 2903.51864      0.8066
  -46300    165.99874    4.28317 2903.60244      165.99094    4.29701 2903.51865      0.8088
  -46400    165.99850    4.28317 2903.60245      165.99068    4.29705 2903.51866      0.8110
  -46500    165.99825    4.28318 2903.60246      165.99042    4.29709 2903.51867      0.8132
  -46600    165.99801    4.28318 2903.60247      165.99015    4.29714 2903.51868      0.8154
  -46700    165.99777    4.28318 2903.60248      165.98989    4.29718 2903.51870      0.8176
  -46800    165.99753    4.28319 2903.60249      165.98963    4.29722 2903.51871      0.8198
  -46900    165.99728    4.28319 2903.60250      165.98937    4.29726 2903.51872      0.8220
  -47000    165.99704    4.28319 2903.60251      165.98911    4.29730 2903.51873      0.8242
  -47100    165.99680    4.28319 2903.60251      165.98884    4.29735 2903.51874      0.8264
  -47200    165.99656    4.28320 2903.60252      165.98858    4.29739 2903.51875      0.8286
  -47300    165.99631    4.28320 2903.60253      165.98832    4.29743 2903.51876      0.8308
  -47400    165.99607    4.28320 2903.60254      165.98806    4.29747 2903.51877      0.8330
  -47500    165.99583    4.28321 2903.60255      165.98779    4.29751 2903.51878      0.8352
  -47600    165.99559    4.28321 2903.60256      165.98753    4.29756 2903.51880      0.8374
  -47700    165.99534    4.28321 2903.60257      165.98727    4.29760 2903.51881      0.8396
  -47800    165.99510    4.28322 2903.60258      165.98701    4.29764 2903.51882      0.8418
  -47900    165.99486    4.28322 2903.60259      165.98675    4.29768 2903.51883      0.8441
  -48000    165.99462    4.28322 2903.60260      165.98648    4.29772 2903.51884      0.8463
  -48100    165.99437    4.28322 2903.60260      165.98622    4.29777 2903.51885      0.8485
  -48200    165.99413    4.28323 2903.60261      165.98596    4.29781 2903.51886      0.8507
  -48300    165.99389    4.28323 2903.60262      165.98570    4.29785 2903.51888      0.8529
  -48400    165.99365    4.28323 2903.60263      165.98543    4.29789 2903.51889      0.8551
  -48500    165.99341    4.28324 2903.60264      165.98517    4.29794 2903.51890      0.8573
  -48600    165.99316    4.28324 2903.60265      165.98491    4.29798 2903.51891      0.8595
  -48700    165.99292    4.28324 2903.60266      165.98465    4.29802 2903.51892      0.8617
  -48800    165.99268    4.28325 2903.60267      165.98438    4.29806 2903.51893      0.8639
  -48900    165.99244    4.28325 2903.60268      165.98412    4.29810 2903.51894      0.8661
  -49000    165.99219    4.28325 2903.60269      165.98386    4.29815 2903.51896      0.8683
  -49100    165.99195    4.28326 2903.60269      165.98360    4.29819 2903.51897      0.8705
  -49200    165.99171    4.28326 2903.60270      165.98334    4.29823 2903.51898      0.8727
  -49300    165.99147    4.28326 2903.60271      165.98307    4.29827 2903.51899      0.8749
  -49400    165.99122    4.28326 2903.60272      165.98281    4.29831 2903.51900      0.8771
  -49500    165.99098    4.28327 2903.60273      165.98255    4.29836 2903.51901      0.8793
  -49600    165.99074    4.28327 2903.60274      165.98229    4.29840 2903.51903      0.8815
  -49700    165.99050    4.28327 2903.60275      165.98202    4.29844 2903.51904      0.8838
  -49800    165.99025    4.28328 2903.60276      165.98176    4.29848 2903.51905      0.8860
  -49900    165.99001    4.28328 2903.60277      165.98150    4.29852 2903.51906      0.8882
  -50000    165.98977    4.28328 2903.60278      165.98124    4.29857 2903.51907      0.8904
  -50100    165.98953    4.28329 2903.60279      165.98098    4.29861 2903.51908      0.8926
  -50200    165.98928    4.28329 2903.60280      165.98071    4.29865 2903.51910      0.8948
  -50300    165.98904    4.28329 2903.60281      165.98045    4.29869 2903.51911      0.8970
  -50400    165.98880    4.28330 2903.60282      165.98019    4.29874 2903.51912      0.8992
  -50500    165.98856    4.28330 2903.60283      165.97993    4.29878 2903.51913      0.9014
  -50600    165.98831    4.28330 2903.60283      165.97966    4.29882 2903.51914      0.9036
  -50700    165.98807    4.28330 2903.60284      165.97940    4.29886 2903.51915      0.9058
  -50800    165.98783    4.28331 2903.60285      165.97914    4.29890 2903.51917      0.9080
  -50900    165.98759    4.28331 2903.60286      165.97888    4.29895 2903.51918      0.9102
  -51000    165.98734    4.28331 2903.60287      165.97862    4.29899 2903.51919      0.9124
  -51100    165.98710    4.28332 2903.60288      165.97835    4.29903 2903.51920      0.9146
  -51200    165.98686    4.28332 2903.60289      165.97809    4.29907 2903.51921      0.9169
  -51300    165.98662    4.28332 2903.60290      165.97783    4.29911 2903.51923      0.9191
  -51400    165.98637    4.28333 2903.60291      165.97757    4.29916 2903.51924      0.9213
  -51500    165.98613    4.28333 2903.60292      165.97730    4.29920 2903.51925      0.9235
  -51600    165.98589    4.28333 2903.60293      165.97704    4.29924 2903.51926      0.9257
  -51700    165.98565    4.28333 2903.60294      165.97678    4.29928 2903.51928      0.9279
  -51800    165.98540    4.28334 2903.60295      165.97652    4.29932 2903.51929      0.9301
  -51900    165.98516    4.28334 2903.60296      165.97625    4.29937 2903.51930      0.9323
  -52000    165.98492    4.28334 2903.60297      165.97599    4.29941 2903.51931      0.9345
  -52100    165.98468    4.28335 2903.60298      165.97573    4.29945 2903.51932      0.9367
  -52200    165.98444    4.28335 2903.60299      165.97547    4.29949 2903.51934      0.9389
  -52300    165.98419    4.28335 2903.60300      165.97521    4.29954 2903.51935      0.9411
  -52400    165.98395    4.28336 2903.60301      165.97494    4.29958 2903.51936      0.9433
  -52500    165.98371    4.28336 2903.60302      165.97468    4.29962 2903.51937      0.9456
  -52600    165.98347    4.28336 2903.60303      165.97442    4.29966 2903.51939      0.9478
  -52700    165.98322    4.28337 2903.60304      165.97416    4.29970 2903.51940      0.9500
  -52800    165.98298    4.28337 2903.60305      165.97389    4.29975 2903.51941      0.9522
  -52900    165.98274    4.28337 2903.60306      165.97363    4.29979 2903.51942      0.9544
  -53000    165.98250    4.28337 2903.60307      165.97337    4.29983 2903.51944      0.9566
  -53100    165.98225    4.28338 2903.60308      165.97311    4.29987 2903.51945      0.9588
  -53200    165.98201    4.28338 2903.60309      165.97285    4.29991 2903.51946      0.9610
  -53300    165.98177    4.28338 2903.60310      165.97258    4.29996 2903.51947      0.9632
  -53400    165.98153    4.28339 2903.60311      165.97232    4.30000 2903.51949      0.9654
  -53500    165.98128    4.28339 2903.60312      165.97206    4.30004 2903.51950      0.9676
  -53600    165.98104    4.28339 2903.60313      165.97180    4.30008 2903.51951      0.9698
  -53700    165.98080    4.28340 2903.60314      165.97153    4.30012 2903.51952      0.9720
  -53800    165.98056    4.28340 2903.60315      165.97127    4.30017 2903.51954      0.9743
  -53900    165.98031    4.28340 2903.60316      165.97101    4.30021 2903.51955      0.9765
  -54000    165.98007    4.28340 2903.60317      165.97075    4.30025 2903.51956      0.9787
  -54100    165.97983    4.28341 2903.60318      165.97048    4.30029 2903.51958      0.9809
  -54200    165.97959    4.28341 2903.60319      165.97022    4.30033 2903.51959      0.9831
  -54300    165.97934    4.28341 2903.60320      165.96996    4.30038 2903.51960      0.9853
  -54400    165.97910    4.28342 2903.60321      165.96970    4.30042 2903.51961      0.9875
  -54500    165.97886    4.28342 2903.60322      165.96944    4.30046 2903.51963      0.9897
  -54600    165.97862    4.28342 2903.60323      165.96917    4.30050 2903.51964      0.9919
  -54700    165.97837    4.28343 2903.60324      165.96891    4.30055 2903.51965      0.9941
  -54800    165.97813    4.28343 2903.60325      165.96865    4.30059 2903.51966      0.9963
  -54900    165.97789    4.28343 2903.60326      165.96839    4.30063 2903.51968      0.9985
  -55000    165.97765    4.28344 2903.60327      165.96812    4.30067 2903.51969      1.0008
  -55100    165.97740    4.28344 2903.60328      165.96786    4.30071 2903.51970      1.0030
  -55200    165.97716    4.28344 2903.60329      165.96760    4.30076 2903.51972      1.0052
  -55300    165.97692    4.28344 2903.60330      165.96734    4.30080 2903.51973      1.0074
  -55400    165.97668    4.28345 2903.60331      165.96708    4.30084 2903.51974      1.0096
  -55500    165.97644    4.28345 2903.60332      165.96681    4.30088 2903.51976      1.0118
  -55600    165.97619    4.28345 2903.60333      165.96655    4.30092 2903.51977      1.0140
  -55700    165.97595    4.28346 2903.60334      165.96629    4.30097 2903.51978      1.0162
  -55800    165.97571    4.28346 2903.60336      165.96603    4.30101 2903.51980      1.0184
  -55900    165.97547    4.28346 2903.60337      165.96576    4.30105 2903.51981      1.0206
  -56000    165.97522    4.28347 2903.60338      165.96550    4.30109 2903.51982      1.0228
  -56100    165.97498    4.28347 2903.60339      165.96524    4.30113 2903.51984      1.0251
  -56200    165.97474    4.28347 2903.60340      165.96498    4.30118 2903.51985      1.0273
  -56300    165.97450    4.28347 2903.60341      165.96472    4.30122 2903.51986      1.0295
  -56400    165.97425    4.28348 2903.60342      165.96445    4.30126 2903.51987      1.0317
  -56500    165.97401    4.28348 2903.60343      165.96419    4.30130 2903.51989      1.0339
  -56600    165.97377    4.28348 2903.60344      165.96393    4.30134 2903.51990      1.0361
  -56700    165.97353    4.28349 2903.60345      165.96367    4.30139 2903.51991      1.0383
  -56800    165.97328    4.28349 2903.60346      165.96340    4.30143 2903.51993      1.0405
  -56900    165.97304    4.28349 2903.60347      165.96314    4.30147 2903.51994      1.0427
  -57000    165.97280    4.28350 2903.60348      165.96288    4.30151 2903.51996      1.0449
  -57100    165.97256    4.28350 2903.60349      165.96262    4.30156 2903.51997      1.0472
  -57200    165.97231    4.28350 2903.60350      165.96236    4.30160 2903.51998      1.0494
  -57300    165.97207    4.28351 2903.60351      165.96209    4.30164 2903.52000      1.0516
  -57400    165.97183    4.28351 2903.60353      165.96183    4.30168 2903.52001      1.0538
  -57500    165.97159    4.28351 2903.60354      165.96157    4.30172 2903.52002      1.0560
  -57600    165.97134    4.28351 2903.60355      165.96131    4.30177 2903.52004      1.0582
  -57700    165.97110    4.28352 2903.60356      165.96104    4.30181 2903.52005      1.0604
  -57800    165.97086    4.28352 2903.60357      165.96078    4.30185 2903.52006      1.0626
  -57900    165.97062    4.28352 2903.60358      165.96052    4.30189 2903.52008      1.0648
  -58000    165.97037    4.28353 2903.60359      165.96026    4.30193 2903.52009      1.0670
  -58100    165.97013    4.28353 2903.60360      165.95999    4.30198 2903.52010      1.0693
  -58200    165.96989    4.28353 2903.60361      165.95973    4.30202 2903.52012      1.0715
  -58300    165.96965    4.28354 2903.60362      165.95947    4.30206 2903.52013      1.0737
  -58400    165.96940    4.28354 2903.60363      165.95921    4.30210 2903.52015      1.0759
  -58500    165.96916    4.28354 2903.60365      165.95895    4.30214 2903.52016      1.0781
  -58600    165.96892    4.28354 2903.60366      165.95868    4.30219 2903.52017      1.0803
  -58700    165.96868    4.28355 2903.60367      165.95842    4.30223 2903.52019      1.0825
  -58800    165.96844    4.28355 2903.60368      165.95816    4.30227 2903.52020      1.0847
  -58900    165.96819    4.28355 2903.60369      165.95790    4.30231 2903.52022      1.0869
  -59000    165.96795    4.28356 2903.60370      165.95763    4.30235 2903.52023      1.0891
  -59100    165.96771    4.28356 2903.60371      165.95737    4.30240 2903.52024      1.0914
  -59200    165.96747    4.28356 2903.60372      165.95711    4.30244 2903.52026      1.0936
  -59300    165.96722    4.28357 2903.60373      165.95685    4.30248 2903.52027      1.0958
  -59400    165.96698    4.28357 2903.60375      165.95659    4.30252 2903.52028      1.0980
  -59500    165.96674    4.28357 2903.60376      165.95632    4.30257 2903.52030      1.1002
  -59600    165.96650    4.28357 2903.60377      165.95606    4.30261 2903.52031      1.1024
  -59700    165.96625    4.28358 2903.60378      165.95580    4.30265 2903.52033      1.1046
  -59800    165.96601    4.28358 2903.60379      165.95554    4.30269 2903.52034      1.1068
  -59900    165.96577    4.28358 2903.60380      165.95527    4.30273 2903.52036      1.1090
  -60000    165.96553    4.28359 2903.60381      165.95501    4.30278 2903.52037      1.1112
  -60100    165.96528    4.28359 2903.60382      165.95475    4.30282 2903.52038      1.1135
  -60200    165.96504    4.28359 2903.60384      165.95449    4.30286 2903.52040      1.1157
  -60300    165.96480    4.28360 2903.60385      165.95423    4.30290 2903.52041      1.1179
  -60400    165.96456    4.28360 2903.60386      165.95396    4.30294 2903.52043      1.1201
  -60500    165.96431    4.28360 2903.60387      165.95370    4.30299 2903.52044      1.1223
  -60600    165.96407    4.28361 2903.60388      165.95344    4.30303 2903.52045      1.1245
  -60700    165.96383    4.28361 2903.60389      165.95318    4.30307 2903.52047      1.1267
  -60800    165.96359    4.28361 2903.60390      165.95291    4.30311 2903.52048      1.1289
  -60900    165.96334    4.28361 2903.60391      165.95265    4.30315 2903.52050      1.1311
  -61000    165.96310    4.28362 2903.60393      165.95239    4.30320 2903.52051      1.1334
  -61100    165.96286    4.28362 2903.60394      165.95213    4.30324 2903.52053      1.1356
  -61200    165.96262    4.28362 2903.60395      165.95187    4.30328 2903.52054      1.1378
  -61300    165.96237    4.28363 2903.60396      165.95160    4.30332 2903.52056      1.1400
  -61400    165.96213    4.28363 2903.60397      165.95134    4.30336 2903.52057      1.1422
  -61500    165.96189    4.28363 2903.60398      165.95108    4.30341 2903.52058      1.1444
  -61600    165.96165    4.28364 2903.60400      165.95082    4.30345 2903.52060      1.1466
  -61700    165.96140    4.28364 2903.60401      165.95055    4.30349 2903.52061      1.1488
  -61800    165.96116    4.28364 2903.60402      165.95029    4.30353 2903.52063      1.1510
  -61900    165.96092    4.28364 2903.60403      165.95003    4.30358 2903.52064      1.1533
  -62000    165.96068    4.28365 2903.60404      165.94977    4.30362 2903.52066      1.1555
  -62100    165.96044    4.28365 2903.60405      165.94950    4.30366 2903.52067      1.1577
  -62200    165.96019    4.28365 2903.60407      165.94924    4.30370 2903.52069      1.1599
  -62300    165.95995    4.28366 2903.60408      165.94898    4.30374 2903.52070      1.1621
  -62400    165.95971    4.28366 2903.60409      165.94872    4.30379 2903.52072      1.1643
  -62500    165.95947    4.28366 2903.60410      165.94846    4.30383 2903.52073      1.1665
  -62600    165.95922    4.28367 2903.60411      165.94819    4.30387 2903.52075      1.1687
  -62700    165.95898    4.28367 2903.60412      165.94793    4.30391 2903.52076      1.1709
  -62800    165.95874    4.28367 2903.60414      165.94767    4.30395 2903.52078      1.1732
  -62900    165.95850    4.28367 2903.60415      165.94741    4.30400 2903.52079      1.1754
  -63000    165.95825    4.28368 2903.60416      165.94714    4.30404 2903.52080      1.1776
  -63100    165.95801    4.28368 2903.60417      165.94688    4.30408 2903.52082      1.1798
  -63200    165.95777    4.28368 2903.60418      165.94662    4.30412 2903.52083      1.1820
  -63300    165.95753    4.28369 2903.60420      165.94636    4.30416 2903.52085      1.1842
  -63400    165.95728    4.28369 2903.60421      165.94610    4.30421 2903.52086      1.1864
  -63500    165.95704    4.28369 2903.60422      165.94583    4.30425 2903.52088      1.1886
  -63600    165.95680    4.28370 2903.60423      165.94557    4.30429 2903.52089      1.1908
  -63700    165.95656    4.28370 2903.60424      165.94531    4.30433 2903.52091      1.1931
  -63800    165.95631    4.28370 2903.60425      165.94505    4.30437 2903.52092      1.1953
  -63900    165.95607    4.28371 2903.60427      165.94478    4.30442 2903.52094      1.1975
  -64000    165.95583    4.28371 2903.60428      165.94452    4.30446 2903.52095      1.1997
  -64100    165.95559    4.28371 2903.60429      165.94426    4.30450 2903.52097      1.2019
  -64200    165.95534    4.28371 2903.60430      165.94400    4.30454 2903.52099      1.2041
  -64300    165.95510    4.28372 2903.60432      165.94374    4.30458 2903.52100      1.2063
  -64400    165.95486    4.28372 2903.60433      165.94347    4.30463 2903.52102      1.2085
  -64500    165.95462    4.28372 2903.60434      165.94321    4.30467 2903.52103      1.2107
  -64600    165.95438    4.28373 2903.60435      165.94295    4.30471 2903.52105      1.2130
  -64700    165.95413    4.28373 2903.60436      165.94269    4.30475 2903.52106      1.2152
  -64800    165.95389    4.28373 2903.60438      165.94242    4.30480 2903.52108      1.2174
  -64900    165.95365    4.28374 2903.60439      165.94216    4.30484 2903.52109      1.2196
  -65000    165.95341    4.28374 2903.60440      165.94190    4.30488 2903.52111      1.2218
  -65100    165.95316    4.28374 2903.60441      165.94164    4.30492 2903.52112      1.2240
  -65200    165.95292    4.28374 2903.60442      165.94138    4.30496 2903.52114      1.2262
  -65300    165.95268    4.28375 2903.60444      165.94111    4.30501 2903.52115      1.2284
  -65400    165.95244    4.28375 2903.60445      165.94085    4.30505 2903.52117      1.2307
  -65500    165.95219    4.28375 2903.60446      165.94059    4.30509 2903.52118      1.2329
  -65600    165.95195    4.28376 2903.60447      165.94033    4.30513 2903.52120      1.2351
  -65700    165.95171    4.28376 2903.60449      165.94006    4.30517 2903.52122      1.2373
  -65800    165.95147    4.28376 2903.60450      165.93980    4.30522 2903.52123      1.2395
  -65900    165.95122    4.28377 2903.60451      165.93954    4.30526 2903.52125      1.2417
  -66000    165.95098    4.28377 2903.60452      165.93928    4.30530 2903.52126      1.2439
  -66100    165.95074    4.28377 2903.60454      165.93902    4.30534 2903.52128      1.2461
  -66200    165.95050    4.28377 2903.60455      165.93875    4.30538 2903.52129      1.2484
  -66300    165.95025    4.28378 2903.60456      165.93849    4.30543 2903.52131      1.2506
  -66400    165.95001    4.28378 2903.60457      165.93823    4.30547 2903.52132      1.2528
  -66500    165.94977    4.28378 2903.60459      165.93797    4.30551 2903.52134      1.2550
  -66600    165.94953    4.28379 2903.60460      165.93770    4.30555 2903.52136      1.2572
  -66700    165.94928    4.28379 2903.60461      165.93744    4.30559 2903.52137      1.2594
  -66800    165.94904    4.28379 2903.60462      165.93718    4.30564 2903.52139      1.2616
  -66900    165.94880    4.28380 2903.60464      165.93692    4.30568 2903.52140      1.2638
  -67000    165.94856    4.28380 2903.60465      165.93666    4.30572 2903.52142      1.2661
  -67100    165.94831    4.28380 2903.60466      165.93639    4.30576 2903.52143      1.2683
  -67200    165.94807    4.28380 2903.60467      165.93613    4.30580 2903.52145      1.2705
  -67300    165.94783    4.28381 2903.60469      165.93587    4.30585 2903.52147      1.2727
  -67400    165.94759    4.28381 2903.60470      165.93561    4.30589 2903.52148      1.2749
  -67500    165.94735    4.28381 2903.60471      165.93534    4.30593 2903.52150      1.2771
  -67600    165.94710    4.28382 2903.60472      165.93508    4.30597 2903.52151      1.2793
  -67700    165.94686    4.28382 2903.60474      165.93482    4.30602 2903.52153      1.2815
  -67800    165.94662    4.28382 2903.60475      165.93456    4.30606 2903.52155      1.2837
  -67900    165.94638    4.28383 2903.60476      165.93429    4.30610 2903.52156      1.2860
  -68000    165.94613    4.28383 2903.60478      165.93403    4.30614 2903.52158      1.2882
  -68100    165.94589    4.28383 2903.60479      165.93377    4.30618 2903.52159      1.2904
  -68200    165.94565    4.28383 2903.60480      165.93351    4.30623 2903.52161      1.2926
  -68300    165.94541    4.28384 2903.60481      165.93325    4.30627 2903.52163      1.2948
  -68400    165.94516    4.28384 2903.60483      165.93298    4.30631 2903.52165      1.2970
  -68500    165.94492    4.28384 2903.60485      165.93272    4.30635 2903.52166      1.2992
  -68600    165.94468    4.28385 2903.60486      165.93246    4.30639 2903.52168      1.3014
  -68700    165.94444    4.28385 2903.60487      165.93220    4.30644 2903.52170      1.3037
  -68800    165.94419    4.28385 2903.60488      165.93193    4.30648 2903.52171      1.3059
  -68900    165.94395    4.28386 2903.60490      165.93167    4.30652 2903.52173      1.3081
  -69000    165.94371    4.28386 2903.60491      165.93141    4.30656 2903.52175      1.3103
  -69100    165.94347    4.28386 2903.60492      165.93115    4.30660 2903.52176      1.3125
  -69200    165.94322    4.28386 2903.60494      165.93089    4.30665 2903.52178      1.3147
  -69300    165.94298    4.28387 2903.60495      165.93062    4.30669 2903.52179      1.3169
  -69400    165.94274    4.28387 2903.60496      165.93036    4.30673 2903.52181      1.3192
  -69500    165.94250    4.28387 2903.60498      165.93010    4.30677 2903.52183      1.3214
  -69600    165.94225    4.28388 2903.60499      165.92984    4.30681 2903.52184      1.3236
  -69700    165.94201    4.28388 2903.60500      165.92957    4.30686 2903.52186      1.3258
  -69800    165.94177    4.28388 2903.60501      165.92931    4.30690 2903.52188      1.3280
  -69900    165.94153    4.28389 2903.60503      165.92905    4.30694 2903.52189      1.3302
  -70000    165.94129    4.28389 2903.60504      165.92879    4.30698 2903.52191      1.3324
  -70100    165.94104    4.28389 2903.60505      165.92853    4.30702 2903.52193      1.3346
  -70200    165.94080    4.28389 2903.60507      165.92826    4.30707 2903.52194      1.3369
  -70300    165.94056    4.28390 2903.60508      165.92800    4.30711 2903.52196      1.3391
  -70400    165.94032    4.28390 2903.60509      165.92774    4.30715 2903.52198      1.3413
  -70500    165.94007    4.28390 2903.60511      165.92748    4.30719 2903.52199      1.3435
  -70600    165.93983    4.28391 2903.60512      165.92721    4.30723 2903.52201      1.3457
  -70700    165.93959    4.28391 2903.60513      165.92695    4.30728 2903.52203      1.3479
  -70800    165.93935    4.28391 2903.60515      165.92669    4.30732 2903.52204      1.3501
  -70900    165.93910    4.28392 2903.60516      165.92643    4.30736 2903.52206      1.3523
  -71000    165.93886    4.28392 2903.60517      165.92617    4.30740 2903.52208      1.3546
  -71100    165.93862    4.28392 2903.60519      165.92590    4.30745 2903.52209      1.3568
  -71200    165.93838    4.28392 2903.60520      165.92564    4.30749 2903.52211      1.3590
  -71300    165.93813    4.28393 2903.60521      165.92538    4.30753 2903.52213      1.3612
  -71400    165.93789    4.28393 2903.60523      165.92512    4.30757 2903.52214      1.3634
  -71500    165.93765    4.28393 2903.60524      165.92485    4.30761 2903.52216      1.3656
  -71600    165.93741    4.28394 2903.60525      165.92459    4.30766 2903.52218      1.3678
  -71700    165.93716    4.28394 2903.60527      165.92433    4.30770 2903.52219      1.3700
  -71800    165.93692    4.28394 2903.60528      165.92407    4.30774 2903.52221      1.3723
  -71900    165.93668    4.28395 2903.60529      165.92381    4.30778 2903.52223      1.3745
  -72000    165.93644    4.28395 2903.60531      165.92354    4.30782 2903.52224      1.3767
  -72100    165.93619    4.28395 2903.60532      165.92328    4.30787 2903.52226      1.3789
  -72200    165.93595    4.28395 2903.60534      165.92302    4.30791 2903.52228      1.3811
  -72300    165.93571    4.28396 2903.60535      165.92276    4.30795 2903.52230      1.3833
  -72400    165.93547    4.28396 2903.60536      165.92249    4.30799 2903.52231      1.3855
  -72500    165.93523    4.28396 2903.60538      165.92223    4.30803 2903.52233      1.3878
  -72600    165.93498    4.28397 2903.60539      165.92197    4.30808 2903.52235      1.3900
  -72700    165.93474    4.28397 2903.60540      165.92171    4.30812 2903.52236      1.3922
  -72800    165.93450    4.28397 2903.60542      165.92145    4.30816 2903.52238      1.3944
  -72900    165.93426    4.28398 2903.60543      165.92118    4.30820 2903.52240      1.3966
  -73000    165.93401    4.28398 2903.60544      165.92092    4.30824 2903.52242      1.3988
  -73100    165.93377    4.28398 2903.60546      165.92066    4.30829 2903.52243      1.4010
  -73200    165.93353    4.28398 2903.60547      165.92040    4.30833 2903.52245      1.4032
  -73300    165.93329    4.28399 2903.60549      165.92013    4.30837 2903.52247      1.4055
  -73400    165.93304    4.28399 2903.60550      165.91987    4.30841 2903.52248      1.4077
  -73500    165.93280    4.28399 2903.60551      165.91961    4.30845 2903.52250      1.4099
  -73600    165.93256    4.28400 2903.60553      165.91935    4.30850 2903.52252      1.4121
  -73700    165.93232    4.28400 2903.60554      165.91909    4.30854 2903.52254      1.4143
  -73800    165.93207    4.28400 2903.60556      165.91882    4.30858 2903.52255      1.4165
  -73900    165.93183    4.28401 2903.60557      165.91856    4.30862 2903.52257      1.4187
  -74000    165.93159    4.28401 2903.60558      165.91830    4.30866 2903.52259      1.4210
  -74100    165.93135    4.28401 2903.60560      165.91804    4.30871 2903.52261      1.4232
  -74200    165.93110    4.28401 2903.60561      165.91777    4.30875 2903.52262      1.4254
  -74300    165.93086    4.28402 2903.60562      165.91751    4.30879 2903.52264      1.4276
  -74400    165.93062    4.28402 2903.60564      165.91725    4.30883 2903.52266      1.4298
  -74500    165.93038    4.28402 2903.60565      165.91699    4.30887 2903.52268      1.4320
  -74600    165.93013    4.28403 2903.60567      165.91673    4.30892 2903.52269      1.4342
  -74700    165.92989    4.28403 2903.60568      165.91646    4.30896 2903.52271      1.4364
  -74800    165.92965    4.28403 2903.60569      165.91620    4.30900 2903.52273      1.4387
  -74900    165.92941    4.28404 2903.60571      165.91594    4.30904 2903.52275      1.4409
  -75000    165.92917    4.28404 2903.60572      165.91568    4.30908 2903.52277      1.4431
  -75100    165.92892    4.28404 2903.60574      165.91541    4.30913 2903.52278      1.4453
  -75200    165.92868    4.28404 2903.60575      165.91515    4.30917 2903.52280      1.4475
  -75300    165.92844    4.28405 2903.60577      165.91489    4.30921 2903.52282      1.4497
  -75400    165.92820    4.28405 2903.60578      165.91463    4.30925 2903.52284      1.4519
  -75500    165.92795    4.28405 2903.60579      165.91437    4.30930 2903.52285      1.4542
  -75600    165.92771    4.28406 2903.60581      165.91410    4.30934 2903.52287      1.4564
  -75700    165.92747    4.28406 2903.60582      165.91384    4.30938 2903.52289      1.4586
  -75800    165.92723    4.28406 2903.60584      165.91358    4.30942 2903.52291      1.4608
  -75900    165.92698    4.28407 2903.60585      165.91332    4.30946 2903.52293      1.4630
  -76000    165.92674    4.28407 2903.60587      165.91305    4.30951 2903.52294      1.4652
  -76100    165.92650    4.28407 2903.60588      165.91279    4.30955 2903.52296      1.4674
  -76200    165.92626    4.28407 2903.60589      165.91253    4.30959 2903.52298      1.4697
  -76300    165.92601    4.28408 2903.60591      165.91227    4.30963 2903.52300      1.4719
  -76400    165.92577    4.28408 2903.60592      165.91201    4.30967 2903.52302      1.4741
  -76500    165.92553    4.28408 2903.60594      165.91174    4.30972 2903.52303      1.4763
  -76600    165.92529    4.28409 2903.60595      165.91148    4.30976 2903.52305      1.4785
  -76700    165.92504    4.28409 2903.60597      165.91122    4.30980 2903.52307      1.4807
  -76800    165.92480    4.28409 2903.60598      165.91096    4.30984 2903.52309      1.4829
  -76900    165.92456    4.28410 2903.60599      165.91069    4.30988 2903.52311      1.4852
  -77000    165.92432    4.28410 2903.60601      165.91043    4.30993 2903.52312      1.4874
  -77100    165.92408    4.28410 2903.60602      165.91017    4.30997 2903.52314      1.4896
  -77200    165.92383    4.28410 2903.60604      165.90991    4.31001 2903.52316      1.4918
  -77300    165.92359    4.28411 2903.60605      165.90965    4.31005 2903.52318      1.4940
  -77400    165.92335    4.28411 2903.60607      165.90938    4.31009 2903.52320      1.4962
  -77500    165.92311    4.28411 2903.60608      165.90912    4.31014 2903.52322      1.4984
  -77600    165.92286    4.28412 2903.60610      165.90886    4.31018 2903.52323      1.5006
  -77700    165.92262    4.28412 2903.60611      165.90860    4.31022 2903.52325      1.5029
  -77800    165.92238    4.28412 2903.60613      165.90833    4.31026 2903.52327      1.5051
  -77900    165.92214    4.28413 2903.60614      165.90807    4.31030 2903.52329      1.5073
  -78000    165.92189    4.28413 2903.60616      165.90781    4.31035 2903.52331      1.5095
  -78100    165.92165    4.28413 2903.60617      165.90755    4.31039 2903.52333      1.5117
  -78200    165.92141    4.28413 2903.60618      165.90729    4.31043 2903.52334      1.5139
  -78300    165.92117    4.28414 2903.60620      165.90702    4.31047 2903.52336      1.5161
  -78400    165.92092    4.28414 2903.60621      165.90676    4.31051 2903.52338      1.5184
  -78500    165.92068    4.28414 2903.60623      165.90650    4.31056 2903.52340      1.5206
  -78600    165.92044    4.28415 2903.60624      165.90624    4.31060 2903.52342      1.5228
  -78700    165.92020    4.28415 2903.60626      165.90597    4.31064 2903.52344      1.5250
  -78800    165.91995    4.28415 2903.60627      165.90571    4.31068 2903.52346      1.5272
  -78900    165.91971    4.28416 2903.60629      165.90545    4.31072 2903.52347      1.5294
  -79000    165.91947    4.28416 2903.60630      165.90519    4.31077 2903.52349      1.5316
  -79100    165.91923    4.28416 2903.60632      165.90493    4.31081 2903.52351      1.5339
  -79200    165.91898    4.28416 2903.60633      165.90466    4.31085 2903.52353      1.5361
  -79300    165.91874    4.28417 2903.60635      165.90440    4.31089 2903.52355      1.5383
  -79400    165.91850    4.28417 2903.60636      165.90414    4.31093 2903.52357      1.5405
  -79500    165.91826    4.28417 2903.60638      165.90388    4.31098 2903.52359      1.5427
  -79600    165.91802    4.28418 2903.60639      165.90361    4.31102 2903.52360      1.5449
  -79700    165.91777    4.28418 2903.60641      165.90335    4.31106 2903.52362      1.5471
  -79800    165.91753    4.28418 2903.60642      165.90309    4.31110 2903.52364      1.5494
  -79900    165.91729    4.28419 2903.60644      165.90283    4.31114 2903.52366      1.5516
  -80000    165.91705    4.28419 2903.60645      165.90257    4.31119 2903.52368      1.5538
  -80100    165.91680    4.28419 2903.60647      165.90230    4.31123 2903.52370      1.5560
  -80200    165.91656    4.28419 2903.60648      165.90204    4.31127 2903.52372      1.5582
  -80300    165.91632    4.28420 2903.60650      165.90178    4.31131 2903.52374      1.5604
  -80400    165.91608    4.28420 2903.60651      165.90152    4.31135 2903.52376      1.5626
  -80500    165.91583    4.28420 2903.60653      165.90125    4.31140 2903.52378      1.5649
  -80600    165.91559    4.28421 2903.60654      165.90099    4.31144 2903.52379      1.5671
  -80700    165.91535    4.28421 2903.60656      165.90073    4.31148 2903.52381      1.5693
  -80800    165.91511    4.28421 2903.60657      165.90047    4.31152 2903.52383      1.5715
  -80900    165.91486    4.28422 2903.60659      165.90021    4.31157 2903.52385      1.5737
  -81000    165.91462    4.28422 2903.60660      165.89994    4.31161 2903.52387      1.5759
  -81100    165.91438    4.28422 2903.60662      165.89968    4.31165 2903.52389      1.5781
  -81200    165.91414    4.28422 2903.60663      165.89942    4.31169 2903.52391      1.5804
  -81300    165.91389    4.28423 2903.60665      165.89916    4.31173 2903.52393      1.5826
  -81400    165.91365    4.28423 2903.60667      165.89889    4.31178 2903.52395      1.5848
  -81500    165.91341    4.28423 2903.60668      165.89863    4.31182 2903.52397      1.5870
  -81600    165.91317    4.28424 2903.60670      165.89837    4.31186 2903.52399      1.5892
  -81700    165.91293    4.28424 2903.60671      165.89811    4.31190 2903.52400      1.5914
  -81800    165.91268    4.28424 2903.60673      165.89785    4.31194 2903.52402      1.5936
  -81900    165.91244    4.28424 2903.60674      165.89758    4.31199 2903.52404      1.5959
  -82000    165.91220    4.28425 2903.60676      165.89732    4.31203 2903.52406      1.5981
  -82100    165.91196    4.28425 2903.60677      165.89706    4.31207 2903.52408      1.6003
  -82200    165.91171    4.28425 2903.60679      165.89680    4.31211 2903.52410      1.6025
  -82300    165.91147    4.28426 2903.60680      165.89653    4.31215 2903.52412      1.6047
  -82400    165.91123    4.28426 2903.60682      165.89627    4.31220 2903.52414      1.6069
  -82500    165.91099    4.28426 2903.60683      165.89601    4.31224 2903.52416      1.6091
  -82600    165.91074    4.28427 2903.60685      165.89575    4.31228 2903.52418      1.6114
  -82700    165.91050    4.28427 2903.60687      165.89549    4.31232 2903.52420      1.6136
  -82800    165.91026    4.28427 2903.60688      165.89522    4.31236 2903.52422      1.6158
  -82900    165.91002    4.28427 2903.60690      165.89496    4.31241 2903.52424      1.6180
  -83000    165.90977    4.28428 2903.60691      165.89470    4.31245 2903.52426      1.6202
  -83100    165.90953    4.28428 2903.60693      165.89444    4.31249 2903.52428      1.6224
  -83200    165.90929    4.28428 2903.60694      165.89417    4.31253 2903.52430      1.6246
  -83300    165.90905    4.28429 2903.60696      165.89391    4.31257 2903.52432      1.6269
  -83400    165.90880    4.28429 2903.60698      165.89365    4.31262 2903.52434      1.6291
  -83500    165.90856    4.28429 2903.60699      165.89339    4.31266 2903.52436      1.6313
  -83600    165.90832    4.28430 2903.60701      165.89313    4.31270 2903.52438      1.6335
  -83700    165.90808    4.28430 2903.60702      165.89286    4.31274 2903.52440      1.6357
  -83800    165.90784    4.28430 2903.60704      165.89260    4.31278 2903.52442      1.6379
  -83900    165.90759    4.28430 2903.60705      165.89234    4.31283 2903.52443      1.6401
  -84000    165.90735    4.28431 2903.60707      165.89208    4.31287 2903.52445      1.6424
  -84100    165.90711    4.28431 2903.60709      165.89181    4.31291 2903.52447      1.6446
  -84200    165.90687    4.28431 2903.60710      165.89155    4.31295 2903.52449      1.6468
  -84300    165.90662    4.28432 2903.60712      165.89129    4.31299 2903.52451      1.6490
  -84400    165.90638    4.28432 2903.60713      165.89103    4.31304 2903.52453      1.6512
  -84500    165.90614    4.28432 2903.60715      165.89077    4.31308 2903.52455      1.6534
  -84600    165.90590    4.28433 2903.60716      165.89050    4.31312 2903.52457      1.6557
  -84700    165.90565    4.28433 2903.60718      165.89024    4.31316 2903.52459      1.6579
  -84800    165.90541    4.28433 2903.60720      165.88998    4.31320 2903.52461      1.6601
  -84900    165.90517    4.28433 2903.60721      165.88972    4.31325 2903.52463      1.6623
  -85000    165.90493    4.28434 2903.60723      165.88945    4.31329 2903.52465      1.6645
  -85100    165.90468    4.28434 2903.60724      165.88919    4.31333 2903.52467      1.6667
  -85200    165.90444    4.28434 2903.60726      165.88893    4.31337 2903.52469      1.6689
  -85300    165.90420    4.28435 2903.60728      165.88867    4.31341 2903.52471      1.6712
  -85400    165.90396    4.28435 2903.60729      165.88841    4.31346 2903.52473      1.6734
  -85500    165.90371    4.28435 2903.60731      165.88814    4.31350 2903.52475      1.6756
  -85600    165.90347    4.28436 2903.60733      165.88788    4.31354 2903.52478      1.6778
  -85700    165.90323    4.28436 2903.60734      165.88762    4.31358 2903.52480      1.6800
  -85800    165.90299    4.28436 2903.60736      165.88736    4.31362 2903.52482      1.6822
  -85900    165.90275    4.28436 2903.60737      165.88710    4.31367 2903.52484      1.6844
  -86000    165.90250    4.28437 2903.60739      165.88683    4.31371 2903.52486      1.6867
  -86100    165.90226    4.28437 2903.60741      165.88657    4.31375 2903.52488      1.6889
  -86200    165.90202    4.28437 2903.60742      165.88631    4.31379 2903.52490      1.6911
  -86300    165.90178    4.28438 2903.60744      165.88605    4.31383 2903.52492      1.6933
  -86400    165.90153    4.28438 2903.60745      165.88578    4.31388 2903.52494      1.6955
  -86500    165.90129    4.28438 2903.60747      165.88552    4.31392 2903.52496      1.6977
  -86600    165.90105    4.28438 2903.60749      165.88526    4.31396 2903.52498      1.6999
  -86700    165.90081    4.28439 2903.60750      165.88500    4.31400 2903.52500      1.7022
  -86800    165.90056    4.28439 2903.60752      165.88474    4.31404 2903.52502      1.7044
  -86900    165.90032    4.28439 2903.60754      165.88447    4.31409 2903.52504      1.7066
  -87000    165.90008    4.28440 2903.60755      165.88421    4.31413 2903.52506      1.7088
  -87100    165.89984    4.28440 2903.60757      165.88395    4.31417 2903.52508      1.7110
  -87200    165.89959    4.28440 2903.60759      165.88369    4.31421 2903.52510      1.7132
  -87300    165.89935    4.28441 2903.60760      165.88342    4.31425 2903.52512      1.7155
  -87400    165.89911    4.28441 2903.60762      165.88316    4.31430 2903.52514      1.7177
  -87500    165.89887    4.28441 2903.60763      165.88290    4.31434 2903.52516      1.7199
  -87600    165.89863    4.28441 2903.60765      165.88264    4.31438 2903.52518      1.7221
  -87700    165.89838    4.28442 2903.60767      165.88238    4.31442 2903.52520      1.7243
  -87800    165.89814    4.28442 2903.60768      165.88211    4.31446 2903.52523      1.7265
  -87900    165.89790    4.28442 2903.60770      165.88185    4.31451 2903.52525      1.7287
  -88000    165.89766    4.28443 2903.60772      165.88159    4.31455 2903.52527      1.7310
  -88100    165.89741    4.28443 2903.60773      165.88133    4.31459 2903.52529      1.7332
  -88200    165.89717    4.28443 2903.60775      165.88106    4.31463 2903.52531      1.7354
  -88300    165.89693    4.28444 2903.60777      165.88080    4.31467 2903.52533      1.7376
  -88400    165.89669    4.28444 2903.60778      165.88054    4.31472 2903.52535      1.7398
  -88500    165.89644    4.28444 2903.60780      165.88028    4.31476 2903.52537      1.7420
  -88600    165.89620    4.28444 2903.60782      165.88002    4.31480 2903.52539      1.7442
  -88700    165.89596    4.28445 2903.60783      165.87975    4.31484 2903.52541      1.7465
  -88800    165.89572    4.28445 2903.60785      165.87949    4.31488 2903.52543      1.7487
  -88900    165.89547    4.28445 2903.60787      165.87923    4.31493 2903.52545      1.7509
  -89000    165.89523    4.28446 2903.60788      165.87897    4.31497 2903.52548      1.7531
  -89100    165.89499    4.28446 2903.60790      165.87870    4.31501 2903.52550      1.7553
  -89200    165.89475    4.28446 2903.60792      165.87844    4.31505 2903.52552      1.7575
  -89300    165.89450    4.28446 2903.60793      165.87818    4.31509 2903.52554      1.7598
  -89400    165.89426    4.28447 2903.60795      165.87792    4.31514 2903.52556      1.7620
  -89500    165.89402    4.28447 2903.60797      165.87766    4.31518 2903.52558      1.7642
  -89600    165.89378    4.28447 2903.60798      165.87739    4.31522 2903.52560      1.7664
  -89700    165.89354    4.28448 2903.60800      165.87713    4.31526 2903.52562      1.7686
  -89800    165.89329    4.28448 2903.60802      165.87687    4.31530 2903.52564      1.7708
  -89900    165.89305    4.28448 2903.60804      165.87661    4.31535 2903.52567      1.7730
  -90000    165.89281    4.28449 2903.60805      165.87634    4.31539 2903.52569      1.7753
  -90100    165.89257    4.28449 2903.60807      165.87608    4.31543 2903.52571      1.7775
  -90200    165.89232    4.28449 2903.60809      165.87582    4.31547 2903.52573      1.7797
  -90300    165.89208    4.28449 2903.60810      165.87556    4.31551 2903.52575      1.7819
  -90400    165.89184    4.28450 2903.60812      165.87530    4.31556 2903.52577      1.7841
  -90500    165.89160    4.28450 2903.60814      165.87503    4.31560 2903.52579      1.7863
  -90600    165.89135    4.28450 2903.60815      165.87477    4.31564 2903.52582      1.7885
  -90700    165.89111    4.28451 2903.60817      165.87451    4.31568 2903.52584      1.7908
  -90800    165.89087    4.28451 2903.60819      165.87425    4.31572 2903.52586      1.7930
  -90900    165.89063    4.28451 2903.60821      165.87398    4.31577 2903.52588      1.7952
  -91000    165.89038    4.28452 2903.60822      165.87372    4.31581 2903.52590      1.7974
  -91100    165.89014    4.28452 2903.60824      165.87346    4.31585 2903.52592      1.7996
  -91200    165.88990    4.28452 2903.60826      165.87320    4.31589 2903.52594      1.8018
  -91300    165.88966    4.28452 2903.60827      165.87294    4.31593 2903.52597      1.8041
  -91400    165.88942    4.28453 2903.60829      165.87267    4.31598 2903.52599      1.8063
  -91500    165.88917    4.28453 2903.60831      165.87241    4.31602 2903.52601      1.8085
  -91600    165.88893    4.28453 2903.60833      165.87215    4.31606 2903.52603      1.8107
  -91700    165.88869    4.28454 2903.60834      165.87189    4.31610 2903.52605      1.8129
  -91800    165.88845    4.28454 2903.60836      165.87163    4.31614 2903.52607      1.8151
  -91900    165.88820    4.28454 2903.60838      165.87136    4.31619 2903.52610      1.8173
  -92000    165.88796    4.28454 2903.60839      165.87110    4.31623 2903.52612      1.8196
  -92100    165.88772    4.28455 2903.60841      165.87084    4.31627 2903.52614      1.8218
  -92200    165.88748    4.28455 2903.60843      165.87058    4.31631 2903.52616      1.8240
  -92300    165.88723    4.28455 2903.60845      165.87031    4.31635 2903.52618      1.8262
  -92400    165.88699    4.28456 2903.60846      165.87005    4.31640 2903.52620      1.8284
  -92500    165.88675    4.28456 2903.60848      165.86979    4.31644 2903.52623      1.8306
  -92600    165.88651    4.28456 2903.60850      165.86953    4.31648 2903.52625      1.8329
  -92700    165.88626    4.28457 2903.60852      165.86927    4.31652 2903.52627      1.8351
  -92800    165.88602    4.28457 2903.60853      165.86900    4.31656 2903.52629      1.8373
  -92900    165.88578    4.28457 2903.60855      165.86874    4.31661 2903.52631      1.8395
  -93000    165.88554    4.28457 2903.60857      165.86848    4.31665 2903.52634      1.8417
  -93100    165.88529    4.28458 2903.60859      165.86822    4.31669 2903.52636      1.8439
  -93200    165.88505    4.28458 2903.60860      165.86795    4.31673 2903.52638      1.8461
  -93300    165.88481    4.28458 2903.60862      165.86769    4.31677 2903.52640      1.8484
  -93400    165.88457    4.28459 2903.60864      165.86743    4.31682 2903.52642      1.8506
  -93500    165.88433    4.28459 2903.60866      165.86717    4.31686 2903.52645      1.8528
  -93600    165.88408    4.28459 2903.60867      165.86691    4.31690 2903.52647      1.8550
  -93700    165.88384    4.28459 2903.60869      165.86664    4.31694 2903.52649      1.8572
  -93800    165.88360    4.28460 2903.60871      165.86638    4.31698 2903.52651      1.8594
  -93900    165.88336    4.28460 2903.60873      165.86612    4.31703 2903.52653      1.8617
  -94000    165.88311    4.28460 2903.60874      165.86586    4.31707 2903.52656      1.8639
  -94100    165.88287    4.28461 2903.60876      165.86559    4.31711 2903.52658      1.8661
  -94200    165.88263    4.28461 2903.60878      165.86533    4.31715 2903.52660      1.8683
  -94300    165.88239    4.28461 2903.60880      165.86507    4.31719 2903.52662      1.8705
  -94400    165.88214    4.28462 2903.60882      165.86481    4.31724 2903.52664      1.8727
  -94500    165.88190    4.28462 2903.60883      165.86455    4.31728 2903.52667      1.8749
  -94600    165.88166    4.28462 2903.60885      165.86428    4.31732 2903.52669      1.8772
  -94700    165.88142    4.28462 2903.60887      165.86402    4.31736 2903.52671      1.8794
  -94800    165.88117    4.28463 2903.60889      165.86376    4.31740 2903.52673      1.8816
  -94900    165.88093    4.28463 2903.60890      165.86350    4.31745 2903.52676      1.8838
  -95000    165.88069    4.28463 2903.60892      165.86323    4.31749 2903.52678      1.8860
  -95100    165.88045    4.28464 2903.60894      165.86297    4.31753 2903.52680      1.8882
  -95200    165.88021    4.28464 2903.60896      165.86271    4.31757 2903.52682      1.8905
  -95300    165.87996    4.28464 2903.60898      165.86245    4.31761 2903.52685      1.8927
  -95400    165.87972    4.28465 2903.60899      165.86219    4.31766 2903.52687      1.8949
  -95500    165.87948    4.28465 2903.60901      165.86192    4.31770 2903.52689      1.8971
  -95600    165.87924    4.28465 2903.60903      165.86166    4.31774 2903.52691      1.8993
  -95700    165.87899    4.28465 2903.60905      165.86140    4.31778 2903.52694      1.9015
  -95800    165.87875    4.28466 2903.60907      165.86114    4.31782 2903.52696      1.9037
  -95900    165.87851    4.28466 2903.60908      165.86088    4.31787 2903.52698      1.9060
  -96000    165.87827    4.28466 2903.60910      165.86061    4.31791 2903.52700      1.9082
  -96100    165.87802    4.28467 2903.60912      165.86035    4.31795 2903.52703      1.9104
  -96200    165.87778    4.28467 2903.60914      165.86009    4.31799 2903.52705      1.9126
  -96300    165.87754    4.28467 2903.60916      165.85983    4.31803 2903.52707      1.9148
  -96400    165.87730    4.28467 2903.60917      165.85956    4.31808 2903.52710      1.9170
  -96500    165.87705    4.28468 2903.60919      165.85930    4.31812 2903.52712      1.9193
  -96600    165.87681    4.28468 2903.60921      165.85904    4.31816 2903.52714      1.9215
  -96700    165.87657    4.28468 2903.60923      165.85878    4.31820 2903.52716      1.9237
  -96800    165.87633    4.28469 2903.60925      165.85852    4.31824 2903.52719      1.9259
  -96900    165.87609    4.28469 2903.60927      165.85825    4.31829 2903.52721      1.9281
  -97000    165.87584    4.28469 2903.60928      165.85799    4.31833 2903.52723      1.9303
  -97100    165.87560    4.28470 2903.60930      165.85773    4.31837 2903.52726      1.9325
  -97200    165.87536    4.28470 2903.60932      165.85747    4.31841 2903.52728      1.9348
  -97300    165.87512    4.28470 2903.60934      165.85720    4.31845 2903.52730      1.9370
  -97400    165.87487    4.28470 2903.60936      165.85694    4.31850 2903.52732      1.9392
  -97500    165.87463    4.28471 2903.60938      165.85668    4.31854 2903.52735      1.9414
  -97600    165.87439    4.28471 2903.60939      165.85642    4.31858 2903.52737      1.9436
  -97700    165.87415    4.28471 2903.60941      165.85616    4.31862 2903.52739      1.9458
  -97800    165.87390    4.28472 2903.60943      165.85589    4.31866 2903.52742      1.9481
  -97900    165.87366    4.28472 2903.60945      165.85563    4.31871 2903.52744      1.9503
  -98000    165.87342    4.28472 2903.60947      165.85537    4.31875 2903.52746      1.9525
  -98100    165.87318    4.28472 2903.60949      165.85511    4.31879 2903.52749      1.9547
  -98200    165.87293    4.28473 2903.60950      165.85484    4.31883 2903.52751      1.9569
  -98300    165.87269    4.28473 2903.60952      165.85458    4.31887 2903.52753      1.9591
  -98400    165.87245    4.28473 2903.60954      165.85432    4.31892 2903.52756      1.9614
  -98500    165.87221    4.28474 2903.60956      165.85406    4.31896 2903.52758      1.9636
  -98600    165.87197    4.28474 2903.60958      165.85380    4.31900 2903.52760      1.9658
  -98700    165.87172    4.28474 2903.60960      165.85353    4.31904 2903.52763      1.9680
  -98800    165.87148    4.28475 2903.60962      165.85327    4.31908 2903.52765      1.9702
  -98900    165.87124    4.28475 2903.60963      165.85301    4.31913 2903.52767      1.9724
  -99000    165.87100    4.28475 2903.60965      165.85275    4.31917 2903.52770      1.9746
  -99100    165.87075    4.28475 2903.60967      165.85249    4.31921 2903.52772      1.9769
  -99200    165.87051    4.28476 2903.60969      165.85222    4.31925 2903.52774      1.9791
  -99300    165.87027    4.28476 2903.60971      165.85196    4.31929 2903.52777      1.9813
  -99400    165.87003    4.28476 2903.60973      165.85170    4.31934 2903.52779      1.9835
  -99500    165.86978    4.28477 2903.60975      165.85144    4.31938 2903.52781      1.9857
  -99600    165.86954    4.28477 2903.60977      165.85117    4.31942 2903.52784      1.9879
  -99700    165.86930    4.28477 2903.60978      165.85091    4.31946 2903.52786      1.9902
  -99800    165.86906    4.28477 2903.60980      165.85065    4.31950 2903.52788      1.9924
  -99900    165.86881    4.28478 2903.60982      165.85039    4.31955 2903.52791      1.9946
