
# Values from file "two_trace/input.tsv", line #4:

# CoordType = 1
# α         = 5h 26m 25.708000s
# δ         = 42° 57′ 38.758000″
# π         = (0.3093 ± 0) mas (3,233, 3,233…3,233 pc)
# RV        = (0 ± 0) km/s
# µ_α*      = (1.5398 ± 0) mas/yr
# µ_δ       = (-2.51951 ± 0) mas/yr
# ID        = 0.0
# Comment   = 

# Values from file "two_trace/input.tsv", line #5:

# CoordType = 1
# α         = 5h 26m 25.403000s
# δ         = 42° 57′ 40.327000″
# π         = (0.30931 ± 0) mas (3,233, 3,233…3,233 pc)
# RV        = (0 ± 0) km/s
# µ_α*      = (0.90178 ± 0) mas/yr
# µ_δ       = (-3.88136 ± 0) mas/yr
# ID        = 0.0
# Comment   = 

# Columns:     Time Long1 Lat1 Dist1  ...
# ColumnUnits: year degree degree parsec degree degree parsec parsec

       0    166.08593    4.28211 3233.10702      166.08505    4.28158 3233.00249      0.1195
    -100    166.08569    4.28211 3233.10702      166.08478    4.28162 3233.00249      0.1195
    -200    166.08544    4.28212 3233.10702      166.08452    4.28166 3233.00249      0.1196
    -300    166.08520    4.28212 3233.10702      166.08426    4.28170 3233.00249      0.1197
    -400    166.08496    4.28212 3233.10702      166.08399    4.28174 3233.00249      0.1199
    -500    166.08472    4.28213 3233.10702      166.08373    4.28178 3233.00249      0.1201
    -600    166.08448    4.28213 3233.10702      166.08346    4.28181 3233.00249      0.1204
    -700    166.08423    4.28213 3233.10702      166.08320    4.28185 3233.00249      0.1207
    -800    166.08399    4.28214 3233.10702      166.08294    4.28189 3233.00249      0.1210
    -900    166.08375    4.28214 3233.10702      166.08267    4.28193 3233.00249      0.1214
   -1000    166.08351    4.28214 3233.10702      166.08241    4.28197 3233.00249      0.1218
   -1100    166.08327    4.28215 3233.10702      166.08215    4.28201 3233.00249      0.1223
   -1200    166.08303    4.28215 3233.10702      166.08188    4.28205 3233.00249      0.1228
   -1300    166.08278    4.28215 3233.10702      166.08162    4.28209 3233.00249      0.1234
   -1400    166.08254    4.28216 3233.10702      166.08136    4.28213 3233.00249      0.1240
   -1500    166.08230    4.28216 3233.10702      166.08109    4.28217 3233.00249      0.1246
   -1600    166.08206    4.28216 3233.10702      166.08083    4.28220 3233.00249      0.1253
   -1700    166.08182    4.28217 3233.10702      166.08057    4.28224 3233.00249      0.1261
   -1800    166.08157    4.28217 3233.10702      166.08030    4.28228 3233.00249      0.1268
   -1900    166.08133    4.28217 3233.10702      166.08004    4.28232 3233.00249      0.1276
   -2000    166.08109    4.28218 3233.10702      166.07978    4.28236 3233.00249      0.1285
   -2100    166.08085    4.28218 3233.10702      166.07951    4.28240 3233.00249      0.1294
   -2200    166.08061    4.28218 3233.10702      166.07925    4.28244 3233.00249      0.1303
   -2300    166.08036    4.28219 3233.10702      166.07898    4.28248 3233.00249      0.1312
   -2400    166.08012    4.28219 3233.10702      166.07872    4.28252 3233.00249      0.1322
   -2500    166.07988    4.28219 3233.10702      166.07846    4.28256 3233.00249      0.1333
   -2600    166.07964    4.28220 3233.10702      166.07819    4.28259 3233.00249      0.1343
   -2700    166.07940    4.28220 3233.10702      166.07793    4.28263 3233.00250      0.1354
   -2800    166.07916    4.28220 3233.10702      166.07767    4.28267 3233.00250      0.1365
   -2900    166.07891    4.28221 3233.10702      166.07740    4.28271 3233.00250      0.1377
   -3000    166.07867    4.28221 3233.10702      166.07714    4.28275 3233.00250      0.1389
   -3100    166.07843    4.28221 3233.10702      166.07688    4.28279 3233.00250      0.1401
   -3200    166.07819    4.28222 3233.10702      166.07661    4.28283 3233.00250      0.1413
   -3300    166.07795    4.28222 3233.10702      166.07635    4.28287 3233.00250      0.1426
   -3400    166.07770    4.28222 3233.10702      166.07609    4.28291 3233.00250      0.1439
   -3500    166.07746    4.28223 3233.10702      166.07582    4.28295 3233.00250      0.1452
   -3600    166.07722    4.28223 3233.10702      166.07556    4.28298 3233.00250      0.1466
   -3700    166.07698    4.28223 3233.10702      166.07530    4.28302 3233.00250      0.1480
   -3800    166.07674    4.28224 3233.10702      166.07503    4.28306 3233.00250      0.1494
   -3900    166.07650    4.28224 3233.10702      166.07477    4.28310 3233.00250      0.1508
   -4000    166.07625    4.28224 3233.10702      166.07450    4.28314 3233.00250      0.1522
   -4100    166.07601    4.28225 3233.10702      166.07424    4.28318 3233.00250      0.1537
   -4200    166.07577    4.28225 3233.10702      166.07398    4.28322 3233.00250      0.1552
   -4300    166.07553    4.28225 3233.10703      166.07371    4.28326 3233.00250      0.1567
   -4400    166.07529    4.28226 3233.10703      166.07345    4.28330 3233.00250      0.1583
   -4500    166.07504    4.28226 3233.10703      166.07319    4.28334 3233.00251      0.1598
   -4600    166.07480    4.28226 3233.10703      166.07292    4.28337 3233.00251      0.1614
   -4700    166.07456    4.28227 3233.10703      166.07266    4.28341 3233.00251      0.1630
   -4800    166.07432    4.28227 3233.10703      166.07240    4.28345 3233.00251      0.1646
   -4900    166.07408    4.28227 3233.10703      166.07213    4.28349 3233.00251      0.1662
   -5000    166.07384    4.28228 3233.10703      166.07187    4.28353 3233.00251      0.1679
   -5100    166.07359    4.28228 3233.10703      166.07161    4.28357 3233.00251      0.1695
   -5200    166.07335    4.28228 3233.10703      166.07134    4.28361 3233.00251      0.1712
   -5300    166.07311    4.28228 3233.10703      166.07108    4.28365 3233.00251      0.1729
   -5400    166.07287    4.28229 3233.10703      166.07082    4.28369 3233.00251      0.1746
   -5500    166.07263    4.28229 3233.10703      166.07055    4.28373 3233.00251      0.1763
   -5600    166.07238    4.28229 3233.10703      166.07029    4.28376 3233.00251      0.1781
   -5700    166.07214    4.28230 3233.10703      166.07002    4.28380 3233.00251      0.1798
   -5800    166.07190    4.28230 3233.10703      166.06976    4.28384 3233.00252      0.1816
   -5900    166.07166    4.28230 3233.10703      166.06950    4.28388 3233.00252      0.1834
   -6000    166.07142    4.28231 3233.10703      166.06923    4.28392 3233.00252      0.1852
   -6100    166.07117    4.28231 3233.10703      166.06897    4.28396 3233.00252      0.1870
   -6200    166.07093    4.28231 3233.10704      166.06871    4.28400 3233.00252      0.1888
   -6300    166.07069    4.28232 3233.10704      166.06844    4.28404 3233.00252      0.1906
   -6400    166.07045    4.28232 3233.10704      166.06818    4.28408 3233.00252      0.1925
   -6500    166.07021    4.28232 3233.10704      166.06792    4.28412 3233.00252      0.1943
   -6600    166.06997    4.28233 3233.10704      166.06765    4.28415 3233.00252      0.1962
   -6700    166.06972    4.28233 3233.10704      166.06739    4.28419 3233.00253      0.1981
   -6800    166.06948    4.28233 3233.10704      166.06713    4.28423 3233.00253      0.1999
   -6900    166.06924    4.28234 3233.10704      166.06686    4.28427 3233.00253      0.2018
   -7000    166.06900    4.28234 3233.10704      166.06660    4.28431 3233.00253      0.2037
   -7100    166.06876    4.28234 3233.10704      166.06634    4.28435 3233.00253      0.2057
   -7200    166.06851    4.28235 3233.10705      166.06607    4.28439 3233.00253      0.2076
   -7300    166.06827    4.28235 3233.10705      166.06581    4.28443 3233.00253      0.2095
   -7400    166.06803    4.28235 3233.10705      166.06554    4.28447 3233.00254      0.2115
   -7500    166.06779    4.28236 3233.10705      166.06528    4.28451 3233.00254      0.2134
   -7600    166.06755    4.28236 3233.10705      166.06502    4.28454 3233.00254      0.2154
   -7700    166.06731    4.28236 3233.10705      166.06475    4.28458 3233.00254      0.2173
   -7800    166.06706    4.28237 3233.10705      166.06449    4.28462 3233.00254      0.2193
   -7900    166.06682    4.28237 3233.10705      166.06423    4.28466 3233.00254      0.2213
   -8000    166.06658    4.28237 3233.10706      166.06396    4.28470 3233.00255      0.2233
   -8100    166.06634    4.28238 3233.10706      166.06370    4.28474 3233.00255      0.2253
   -8200    166.06610    4.28238 3233.10706      166.06344    4.28478 3233.00255      0.2273
   -8300    166.06585    4.28238 3233.10706      166.06317    4.28482 3233.00255      0.2293
   -8400    166.06561    4.28239 3233.10706      166.06291    4.28486 3233.00255      0.2313
   -8500    166.06537    4.28239 3233.10706      166.06265    4.28490 3233.00256      0.2333
   -8600    166.06513    4.28239 3233.10706      166.06238    4.28493 3233.00256      0.2353
   -8700    166.06489    4.28240 3233.10706      166.06212    4.28497 3233.00256      0.2374
   -8800    166.06465    4.28240 3233.10707      166.06186    4.28501 3233.00256      0.2394
   -8900    166.06440    4.28240 3233.10707      166.06159    4.28505 3233.00256      0.2415
   -9000    166.06416    4.28241 3233.10707      166.06133    4.28509 3233.00256      0.2435
   -9100    166.06392    4.28241 3233.10707      166.06106    4.28513 3233.00257      0.2456
   -9200    166.06368    4.28241 3233.10707      166.06080    4.28517 3233.00257      0.2476
   -9300    166.06344    4.28242 3233.10707      166.06054    4.28521 3233.00257      0.2497
   -9400    166.06319    4.28242 3233.10708      166.06027    4.28525 3233.00257      0.2518
   -9500    166.06295    4.28242 3233.10708      166.06001    4.28529 3233.00258      0.2538
   -9600    166.06271    4.28242 3233.10708      166.05975    4.28532 3233.00258      0.2559
   -9700    166.06247    4.28243 3233.10708      166.05948    4.28536 3233.00258      0.2580
   -9800    166.06223    4.28243 3233.10708      166.05922    4.28540 3233.00258      0.2601
   -9900    166.06199    4.28243 3233.10708      166.05896    4.28544 3233.00258      0.2622
  -10000    166.06174    4.28244 3233.10709      166.05869    4.28548 3233.00259      0.2643
  -10100    166.06150    4.28244 3233.10709      166.05843    4.28552 3233.00259      0.2664
  -10200    166.06126    4.28244 3233.10709      166.05817    4.28556 3233.00259      0.2685
  -10300    166.06102    4.28245 3233.10709      166.05790    4.28560 3233.00259      0.2706
  -10400    166.06078    4.28245 3233.10709      166.05764    4.28564 3233.00260      0.2727
  -10500    166.06053    4.28245 3233.10709      166.05738    4.28568 3233.00260      0.2749
  -10600    166.06029    4.28246 3233.10710      166.05711    4.28571 3233.00260      0.2770
  -10700    166.06005    4.28246 3233.10710      166.05685    4.28575 3233.00260      0.2791
  -10800    166.05981    4.28246 3233.10710      166.05658    4.28579 3233.00261      0.2812
  -10900    166.05957    4.28247 3233.10710      166.05632    4.28583 3233.00261      0.2834
  -11000    166.05932    4.28247 3233.10710      166.05606    4.28587 3233.00261      0.2855
  -11100    166.05908    4.28247 3233.10711      166.05579    4.28591 3233.00261      0.2877
  -11200    166.05884    4.28248 3233.10711      166.05553    4.28595 3233.00262      0.2898
  -11300    166.05860    4.28248 3233.10711      166.05527    4.28599 3233.00262      0.2920
  -11400    166.05836    4.28248 3233.10711      166.05500    4.28603 3233.00262      0.2941
  -11500    166.05812    4.28249 3233.10711      166.05474    4.28607 3233.00262      0.2963
  -11600    166.05787    4.28249 3233.10712      166.05448    4.28610 3233.00263      0.2984
  -11700    166.05763    4.28249 3233.10712      166.05421    4.28614 3233.00263      0.3006
  -11800    166.05739    4.28250 3233.10712      166.05395    4.28618 3233.00263      0.3027
  -11900    166.05715    4.28250 3233.10712      166.05369    4.28622 3233.00263      0.3049
  -12000    166.05691    4.28250 3233.10712      166.05342    4.28626 3233.00264      0.3071
  -12100    166.05666    4.28251 3233.10713      166.05316    4.28630 3233.00264      0.3093
  -12200    166.05642    4.28251 3233.10713      166.05290    4.28634 3233.00264      0.3114
  -12300    166.05618    4.28251 3233.10713      166.05263    4.28638 3233.00265      0.3136
  -12400    166.05594    4.28252 3233.10713      166.05237    4.28642 3233.00265      0.3158
  -12500    166.05570    4.28252 3233.10714      166.05211    4.28646 3233.00265      0.3180
  -12600    166.05546    4.28252 3233.10714      166.05184    4.28649 3233.00265      0.3202
  -12700    166.05521    4.28253 3233.10714      166.05158    4.28653 3233.00266      0.3224
  -12800    166.05497    4.28253 3233.10714      166.05131    4.28657 3233.00266      0.3245
  -12900    166.05473    4.28253 3233.10715      166.05105    4.28661 3233.00266      0.3267
  -13000    166.05449    4.28254 3233.10715      166.05079    4.28665 3233.00267      0.3289
  -13100    166.05425    4.28254 3233.10715      166.05052    4.28669 3233.00267      0.3311
  -13200    166.05400    4.28254 3233.10715      166.05026    4.28673 3233.00267      0.3333
  -13300    166.05376    4.28255 3233.10716      166.05000    4.28677 3233.00268      0.3355
  -13400    166.05352    4.28255 3233.10716      166.04973    4.28681 3233.00268      0.3377
  -13500    166.05328    4.28255 3233.10716      166.04947    4.28685 3233.00268      0.3399
  -13600    166.05304    4.28255 3233.10716      166.04921    4.28688 3233.00269      0.3421
  -13700    166.05280    4.28256 3233.10717      166.04894    4.28692 3233.00269      0.3444
  -13800    166.05255    4.28256 3233.10717      166.04868    4.28696 3233.00269      0.3466
  -13900    166.05231    4.28256 3233.10717      166.04842    4.28700 3233.00270      0.3488
  -14000    166.05207    4.28257 3233.10717      166.04815    4.28704 3233.00270      0.3510
  -14100    166.05183    4.28257 3233.10718      166.04789    4.28708 3233.00270      0.3532
  -14200    166.05159    4.28257 3233.10718      166.04763    4.28712 3233.00271      0.3554
  -14300    166.05134    4.28258 3233.10718      166.04736    4.28716 3233.00271      0.3577
  -14400    166.05110    4.28258 3233.10718      166.04710    4.28720 3233.00271      0.3599
  -14500    166.05086    4.28258 3233.10719      166.04683    4.28723 3233.00272      0.3621
  -14600    166.05062    4.28259 3233.10719      166.04657    4.28727 3233.00272      0.3643
  -14700    166.05038    4.28259 3233.10720      166.04631    4.28731 3233.00273      0.3666
  -14800    166.05014    4.28259 3233.10720      166.04604    4.28735 3233.00273      0.3688
  -14900    166.04989    4.28260 3233.10720      166.04578    4.28739 3233.00274      0.3710
  -15000    166.04965    4.28260 3233.10721      166.04552    4.28743 3233.00274      0.3732
  -15100    166.04941    4.28260 3233.10721      166.04525    4.28747 3233.00274      0.3755
  -15200    166.04917    4.28261 3233.10721      166.04499    4.28751 3233.00275      0.3777
  -15300    166.04893    4.28261 3233.10722      166.04473    4.28755 3233.00275      0.3799
  -15400    166.04868    4.28261 3233.10722      166.04446    4.28759 3233.00276      0.3822
  -15500    166.04844    4.28262 3233.10722      166.04420    4.28762 3233.00276      0.3844
  -15600    166.04820    4.28262 3233.10722      166.04394    4.28766 3233.00276      0.3867
  -15700    166.04796    4.28262 3233.10723      166.04367    4.28770 3233.00277      0.3889
  -15800    166.04772    4.28263 3233.10723      166.04341    4.28774 3233.00277      0.3912
  -15900    166.04748    4.28263 3233.10723      166.04315    4.28778 3233.00278      0.3934
  -16000    166.04723    4.28263 3233.10724      166.04288    4.28782 3233.00278      0.3956
  -16100    166.04699    4.28264 3233.10724      166.04262    4.28786 3233.00278      0.3979
  -16200    166.04675    4.28264 3233.10724      166.04236    4.28790 3233.00279      0.4001
  -16300    166.04651    4.28264 3233.10725      166.04209    4.28794 3233.00279      0.4024
  -16400    166.04627    4.28265 3233.10725      166.04183    4.28798 3233.00280      0.4046
  -16500    166.04602    4.28265 3233.10725      166.04156    4.28801 3233.00280      0.4069
  -16600    166.04578    4.28265 3233.10726      166.04130    4.28805 3233.00280      0.4092
  -16700    166.04554    4.28266 3233.10726      166.04104    4.28809 3233.00281      0.4114
  -16800    166.04530    4.28266 3233.10726      166.04077    4.28813 3233.00281      0.4137
  -16900    166.04506    4.28266 3233.10727      166.04051    4.28817 3233.00282      0.4159
  -17000    166.04482    4.28266 3233.10727      166.04025    4.28821 3233.00282      0.4182
  -17100    166.04457    4.28267 3233.10727      166.03998    4.28825 3233.00283      0.4204
  -17200    166.04433    4.28267 3233.10728      166.03972    4.28829 3233.00283      0.4227
  -17300    166.04409    4.28267 3233.10728      166.03946    4.28833 3233.00283      0.4250
  -17400    166.04385    4.28268 3233.10728      166.03919    4.28837 3233.00284      0.4272
  -17500    166.04361    4.28268 3233.10729      166.03893    4.28840 3233.00284      0.4295
  -17600    166.04336    4.28268 3233.10729      166.03867    4.28844 3233.00285      0.4318
  -17700    166.04312    4.28269 3233.10730      166.03840    4.28848 3233.00286      0.4340
  -17800    166.04288    4.28269 3233.10730      166.03814    4.28852 3233.00286      0.4363
  -17900    166.04264    4.28269 3233.10731      166.03788    4.28856 3233.00287      0.4386
  -18000    166.04240    4.28270 3233.10731      166.03761    4.28860 3233.00287      0.4408
  -18100    166.04216    4.28270 3233.10731      166.03735    4.28864 3233.00288      0.4431
  -18200    166.04191    4.28270 3233.10732      166.03708    4.28868 3233.00288      0.4454
  -18300    166.04167    4.28271 3233.10732      166.03682    4.28872 3233.00288      0.4476
  -18400    166.04143    4.28271 3233.10732      166.03656    4.28876 3233.00289      0.4499
  -18500    166.04119    4.28271 3233.10733      166.03629    4.28879 3233.00289      0.4522
  -18600    166.04095    4.28272 3233.10733      166.03603    4.28883 3233.00290      0.4544
  -18700    166.04070    4.28272 3233.10733      166.03577    4.28887 3233.00290      0.4567
  -18800    166.04046    4.28272 3233.10734      166.03550    4.28891 3233.00291      0.4590
  -18900    166.04022    4.28273 3233.10734      166.03524    4.28895 3233.00291      0.4613
  -19000    166.03998    4.28273 3233.10735      166.03498    4.28899 3233.00292      0.4636
  -19100    166.03974    4.28273 3233.10735      166.03471    4.28903 3233.00292      0.4658
  -19200    166.03950    4.28274 3233.10735      166.03445    4.28907 3233.00293      0.4681
  -19300    166.03925    4.28274 3233.10736      166.03419    4.28911 3233.00293      0.4704
  -19400    166.03901    4.28274 3233.10736      166.03392    4.28914 3233.00294      0.4727
  -19500    166.03877    4.28275 3233.10737      166.03366    4.28918 3233.00294      0.4750
  -19600    166.03853    4.28275 3233.10737      166.03340    4.28922 3233.00295      0.4772
  -19700    166.03829    4.28275 3233.10737      166.03313    4.28926 3233.00295      0.4795
  -19800    166.03804    4.28276 3233.10738      166.03287    4.28930 3233.00296      0.4818
  -19900    166.03780    4.28276 3233.10738      166.03261    4.28934 3233.00296      0.4841
  -20000    166.03756    4.28276 3233.10739      166.03234    4.28938 3233.00297      0.4864
  -20100    166.03732    4.28277 3233.10739      166.03208    4.28942 3233.00297      0.4887
  -20200    166.03708    4.28277 3233.10739      166.03181    4.28946 3233.00298      0.4909
  -20300    166.03684    4.28277 3233.10740      166.03155    4.28950 3233.00298      0.4932
  -20400    166.03659    4.28277 3233.10740      166.03129    4.28953 3233.00299      0.4955
  -20500    166.03635    4.28278 3233.10741      166.03102    4.28957 3233.00299      0.4978
  -20600    166.03611    4.28278 3233.10741      166.03076    4.28961 3233.00300      0.5001
  -20700    166.03587    4.28278 3233.10741      166.03050    4.28965 3233.00300      0.5024
  -20800    166.03563    4.28279 3233.10742      166.03023    4.28969 3233.00301      0.5047
  -20900    166.03538    4.28279 3233.10742      166.02997    4.28973 3233.00302      0.5070
  -21000    166.03514    4.28279 3233.10743      166.02971    4.28977 3233.00302      0.5092
  -21100    166.03490    4.28280 3233.10743      166.02944    4.28981 3233.00303      0.5115
  -21200    166.03466    4.28280 3233.10744      166.02918    4.28985 3233.00303      0.5138
  -21300    166.03442    4.28280 3233.10744      166.02892    4.28989 3233.00304      0.5161
  -21400    166.03418    4.28281 3233.10744      166.02865    4.28992 3233.00304      0.5184
  -21500    166.03393    4.28281 3233.10745      166.02839    4.28996 3233.00305      0.5207
  -21600    166.03369    4.28281 3233.10745      166.02813    4.29000 3233.00305      0.5230
  -21700    166.03345    4.28282 3233.10746      166.02786    4.29004 3233.00306      0.5253
  -21800    166.03321    4.28282 3233.10746      166.02760    4.29008 3233.00307      0.5276
  -21900    166.03297    4.28282 3233.10747      166.02734    4.29012 3233.00307      0.5299
  -22000    166.03272    4.28283 3233.10747      166.02707    4.29016 3233.00308      0.5322
  -22100    166.03248    4.28283 3233.10748      166.02681    4.29020 3233.00308      0.5345
  -22200    166.03224    4.28283 3233.10748      166.02654    4.29024 3233.00309      0.5368
  -22300    166.03200    4.28284 3233.10749      166.02628    4.29028 3233.00309      0.5391
  -22400    166.03176    4.28284 3233.10749      166.02602    4.29031 3233.00310      0.5414
  -22500    166.03152    4.28284 3233.10749      166.02575    4.29035 3233.00311      0.5437
  -22600    166.03127    4.28285 3233.10750      166.02549    4.29039 3233.00311      0.5460
  -22700    166.03103    4.28285 3233.10750      166.02523    4.29043 3233.00312      0.5483
  -22800    166.03079    4.28285 3233.10751      166.02496    4.29047 3233.00312      0.5506
  -22900    166.03055    4.28286 3233.10751      166.02470    4.29051 3233.00313      0.5529
  -23000    166.03031    4.28286 3233.10752      166.02444    4.29055 3233.00314      0.5552
  -23100    166.03006    4.28286 3233.10752      166.02417    4.29059 3233.00314      0.5575
  -23200    166.02982    4.28287 3233.10753      166.02391    4.29063 3233.00315      0.5598
  -23300    166.02958    4.28287 3233.10753      166.02365    4.29066 3233.00315      0.5621
  -23400    166.02934    4.28287 3233.10754      166.02338    4.29070 3233.00316      0.5644
  -23500    166.02910    4.28287 3233.10754      166.02312    4.29074 3233.00317      0.5667
  -23600    166.02886    4.28288 3233.10755      166.02286    4.29078 3233.00317      0.5690
  -23700    166.02861    4.28288 3233.10755      166.02259    4.29082 3233.00318      0.5713
  -23800    166.02837    4.28288 3233.10756      166.02233    4.29086 3233.00318      0.5736
  -23900    166.02813    4.28289 3233.10756      166.02207    4.29090 3233.00319      0.5759
  -24000    166.02789    4.28289 3233.10757      166.02180    4.29094 3233.00320      0.5782
  -24100    166.02765    4.28289 3233.10757      166.02154    4.29098 3233.00320      0.5805
  -24200    166.02740    4.28290 3233.10758      166.02127    4.29102 3233.00321      0.5828
  -24300    166.02716    4.28290 3233.10758      166.02101    4.29105 3233.00322      0.5851
  -24400    166.02692    4.28290 3233.10759      166.02075    4.29109 3233.00322      0.5875
  -24500    166.02668    4.28291 3233.10759      166.02048    4.29113 3233.00323      0.5898
  -24600    166.02644    4.28291 3233.10760      166.02022    4.29117 3233.00324      0.5921
  -24700    166.02620    4.28291 3233.10760      166.01996    4.29121 3233.00324      0.5944
  -24800    166.02595    4.28292 3233.10761      166.01969    4.29125 3233.00325      0.5967
  -24900    166.02571    4.28292 3233.10761      166.01943    4.29129 3233.00326      0.5990
  -25000    166.02547    4.28292 3233.10762      166.01917    4.29133 3233.00326      0.6013
  -25100    166.02523    4.28293 3233.10762      166.01890    4.29137 3233.00327      0.6036
  -25200    166.02499    4.28293 3233.10763      166.01864    4.29141 3233.00328      0.6059
  -25300    166.02474    4.28293 3233.10763      166.01838    4.29144 3233.00328      0.6082
  -25400    166.02450    4.28294 3233.10764      166.01811    4.29148 3233.00329      0.6106
  -25500    166.02426    4.28294 3233.10764      166.01785    4.29152 3233.00329      0.6129
  -25600    166.02402    4.28294 3233.10765      166.01759    4.29156 3233.00330      0.6152
  -25700    166.02378    4.28295 3233.10765      166.01732    4.29160 3233.00331      0.6175
  -25800    166.02354    4.28295 3233.10766      166.01706    4.29164 3233.00331      0.6198
  -25900    166.02329    4.28295 3233.10767      166.01680    4.29168 3233.00332      0.6221
  -26000    166.02305    4.28296 3233.10767      166.01653    4.29172 3233.00333      0.6244
  -26100    166.02281    4.28296 3233.10768      166.01627    4.29176 3233.00333      0.6267
  -26200    166.02257    4.28296 3233.10768      166.01600    4.29179 3233.00334      0.6291
  -26300    166.02233    4.28297 3233.10769      166.01574    4.29183 3233.00335      0.6314
  -26400    166.02209    4.28297 3233.10769      166.01548    4.29187 3233.00336      0.6337
  -26500    166.02184    4.28297 3233.10770      166.01521    4.29191 3233.00336      0.6360
  -26600    166.02160    4.28297 3233.10770      166.01495    4.29195 3233.00337      0.6383
  -26700    166.02136    4.28298 3233.10771      166.01469    4.29199 3233.00338      0.6406
  -26800    166.02112    4.28298 3233.10771      166.01442    4.29203 3233.00338      0.6430
  -26900    166.02088    4.28298 3233.10772      166.01416    4.29207 3233.00339      0.6453
  -27000    166.02063    4.28299 3233.10772      166.01390    4.29211 3233.00340      0.6476
  -27100    166.02039    4.28299 3233.10773      166.01363    4.29215 3233.00340      0.6499
  -27200    166.02015    4.28299 3233.10774      166.01337    4.29218 3233.00341      0.6522
  -27300    166.01991    4.28300 3233.10774      166.01311    4.29222 3233.00342      0.6545
  -27400    166.01967    4.28300 3233.10775      166.01284    4.29226 3233.00342      0.6569
  -27500    166.01943    4.28300 3233.10775      166.01258    4.29230 3233.00343      0.6592
  -27600    166.01918    4.28301 3233.10776      166.01232    4.29234 3233.00344      0.6615
  -27700    166.01894    4.28301 3233.10776      166.01205    4.29238 3233.00345      0.6638
  -27800    166.01870    4.28301 3233.10777      166.01179    4.29242 3233.00345      0.6661
  -27900    166.01846    4.28302 3233.10778      166.01153    4.29246 3233.00346      0.6684
  -28000    166.01822    4.28302 3233.10778      166.01126    4.29250 3233.00347      0.6708
  -28100    166.01797    4.28302 3233.10779      166.01100    4.29253 3233.00347      0.6731
  -28200    166.01773    4.28303 3233.10779      166.01073    4.29257 3233.00348      0.6754
  -28300    166.01749    4.28303 3233.10780      166.01047    4.29261 3233.00349      0.6777
  -28400    166.01725    4.28303 3233.10780      166.01021    4.29265 3233.00350      0.6800
  -28500    166.01701    4.28304 3233.10781      166.00994    4.29269 3233.00350      0.6824
  -28600    166.01677    4.28304 3233.10782      166.00968    4.29273 3233.00351      0.6847
  -28700    166.01652    4.28304 3233.10782      166.00942    4.29277 3233.00352      0.6870
  -28800    166.01628    4.28305 3233.10783      166.00915    4.29281 3233.00353      0.6893
  -28900    166.01604    4.28305 3233.10783      166.00889    4.29285 3233.00353      0.6917
  -29000    166.01580    4.28305 3233.10784      166.00863    4.29289 3233.00354      0.6940
  -29100    166.01556    4.28306 3233.10784      166.00836    4.29292 3233.00355      0.6963
  -29200    166.01531    4.28306 3233.10785      166.00810    4.29296 3233.00356      0.6986
  -29300    166.01507    4.28306 3233.10786      166.00784    4.29300 3233.00356      0.7009
  -29400    166.01483    4.28306 3233.10786      166.00757    4.29304 3233.00357      0.7033
  -29500    166.01459    4.28307 3233.10787      166.00731    4.29308 3233.00358      0.7056
  -29600    166.01435    4.28307 3233.10787      166.00705    4.29312 3233.00359      0.7079
  -29700    166.01411    4.28307 3233.10788      166.00678    4.29316 3233.00359      0.7102
  -29800    166.01386    4.28308 3233.10789      166.00652    4.29320 3233.00360      0.7126
  -29900    166.01362    4.28308 3233.10789      166.00626    4.29324 3233.00361      0.7149
  -30000    166.01338    4.28308 3233.10790      166.00599    4.29327 3233.00362      0.7172
  -30100    166.01314    4.28309 3233.10791      166.00573    4.29331 3233.00363      0.7195
  -30200    166.01290    4.28309 3233.10792      166.00547    4.29335 3233.00364      0.7219
  -30300    166.01265    4.28309 3233.10792      166.00520    4.29339 3233.00365      0.7242
  -30400    166.01241    4.28310 3233.10793      166.00494    4.29343 3233.00365      0.7265
  -30500    166.01217    4.28310 3233.10794      166.00467    4.29347 3233.00366      0.7288
  -30600    166.01193    4.28310 3233.10794      166.00441    4.29351 3233.00367      0.7312
  -30700    166.01169    4.28311 3233.10795      166.00415    4.29355 3233.00368      0.7335
  -30800    166.01145    4.28311 3233.10795      166.00388    4.29359 3233.00369      0.7358
  -30900    166.01120    4.28311 3233.10796      166.00362    4.29363 3233.00369      0.7381
  -31000    166.01096    4.28312 3233.10797      166.00336    4.29366 3233.00370      0.7405
  -31100    166.01072    4.28312 3233.10797      166.00309    4.29370 3233.00371      0.7428
  -31200    166.01048    4.28312 3233.10798      166.00283    4.29374 3233.00372      0.7451
  -31300    166.01024    4.28313 3233.10799      166.00257    4.29378 3233.00373      0.7474
  -31400    166.01000    4.28313 3233.10799      166.00230    4.29382 3233.00373      0.7498
  -31500    166.00975    4.28313 3233.10800      166.00204    4.29386 3233.00374      0.7521
  -31600    166.00951    4.28314 3233.10801      166.00178    4.29390 3233.00375      0.7544
  -31700    166.00927    4.28314 3233.10801      166.00151    4.29394 3233.00376      0.7567
  -31800    166.00903    4.28314 3233.10802      166.00125    4.29398 3233.00377      0.7591
  -31900    166.00879    4.28314 3233.10803      166.00099    4.29401 3233.00378      0.7614
  -32000    166.00854    4.28315 3233.10803      166.00072    4.29405 3233.00378      0.7637
  -32100    166.00830    4.28315 3233.10804      166.00046    4.29409 3233.00379      0.7661
  -32200    166.00806    4.28315 3233.10805      166.00020    4.29413 3233.00380      0.7684
  -32300    166.00782    4.28316 3233.10805      165.99993    4.29417 3233.00381      0.7707
  -32400    166.00758    4.28316 3233.10806      165.99967    4.29421 3233.00382      0.7730
  -32500    166.00734    4.28316 3233.10807      165.99940    4.29425 3233.00383      0.7754
  -32600    166.00709    4.28317 3233.10807      165.99914    4.29429 3233.00383      0.7777
  -32700    166.00685    4.28317 3233.10808      165.99888    4.29433 3233.00384      0.7800
  -32800    166.00661    4.28317 3233.10809      165.99861    4.29437 3233.00385      0.7824
  -32900    166.00637    4.28318 3233.10809      165.99835    4.29440 3233.00386      0.7847
  -33000    166.00613    4.28318 3233.10810      165.99809    4.29444 3233.00387      0.7870
  -33100    166.00588    4.28318 3233.10811      165.99782    4.29448 3233.00388      0.7894
  -33200    166.00564    4.28319 3233.10811      165.99756    4.29452 3233.00389      0.7917
  -33300    166.00540    4.28319 3233.10812      165.99730    4.29456 3233.00389      0.7940
  -33400    166.00516    4.28319 3233.10813      165.99703    4.29460 3233.00390      0.7963
  -33500    166.00492    4.28320 3233.10813      165.99677    4.29464 3233.00391      0.7987
  -33600    166.00468    4.28320 3233.10814      165.99651    4.29468 3233.00392      0.8010
  -33700    166.00443    4.28320 3233.10815      165.99624    4.29472 3233.00393      0.8033
  -33800    166.00419    4.28321 3233.10815      165.99598    4.29475 3233.00394      0.8057
  -33900    166.00395    4.28321 3233.10816      165.99572    4.29479 3233.00395      0.8080
  -34000    166.00371    4.28321 3233.10817      165.99545    4.29483 3233.00396      0.8103
  -34100    166.00347    4.28322 3233.10817      165.99519    4.29487 3233.00396      0.8127
  -34200    166.00322    4.28322 3233.10818      165.99493    4.29491 3233.00397      0.8150
  -34300    166.00298    4.28322 3233.10819      165.99466    4.29495 3233.00398      0.8173
  -34400    166.00274    4.28323 3233.10820      165.99440    4.29499 3233.00399      0.8197
  -34500    166.00250    4.28323 3233.10820      165.99414    4.29503 3233.00400      0.8220
  -34600    166.00226    4.28323 3233.10821      165.99387    4.29507 3233.00401      0.8243
  -34700    166.00202    4.28323 3233.10822      165.99361    4.29511 3233.00402      0.8267
  -34800    166.00177    4.28324 3233.10822      165.99334    4.29514 3233.00403      0.8290
  -34900    166.00153    4.28324 3233.10823      165.99308    4.29518 3233.00404      0.8313
  -35000    166.00129    4.28324 3233.10824      165.99282    4.29522 3233.00404      0.8337
  -35100    166.00105    4.28325 3233.10825      165.99255    4.29526 3233.00405      0.8360
  -35200    166.00081    4.28325 3233.10825      165.99229    4.29530 3233.00406      0.8383
  -35300    166.00057    4.28325 3233.10826      165.99203    4.29534 3233.00407      0.8406
  -35400    166.00032    4.28326 3233.10827      165.99176    4.29538 3233.00408      0.8430
  -35500    166.00008    4.28326 3233.10827      165.99150    4.29542 3233.00409      0.8453
  -35600    165.99984    4.28326 3233.10828      165.99124    4.29546 3233.00410      0.8476
  -35700    165.99960    4.28327 3233.10829      165.99097    4.29549 3233.00411      0.8500
  -35800    165.99936    4.28327 3233.10830      165.99071    4.29553 3233.00412      0.8523
  -35900    165.99911    4.28327 3233.10830      165.99045    4.29557 3233.00413      0.8547
  -36000    165.99887    4.28328 3233.10831      165.99018    4.29561 3233.00414      0.8570
  -36100    165.99863    4.28328 3233.10832      165.98992    4.29565 3233.00415      0.8593
  -36200    165.99839    4.28328 3233.10833      165.98966    4.29569 3233.00416      0.8617
  -36300    165.99815    4.28329 3233.10833      165.98939    4.29573 3233.00417      0.8640
  -36400    165.99791    4.28329 3233.10834      165.98913    4.29577 3233.00417      0.8663
  -36500    165.99766    4.28329 3233.10835      165.98887    4.29581 3233.00418      0.8687
  -36600    165.99742    4.28330 3233.10836      165.98860    4.29585 3233.00419      0.8710
  -36700    165.99718    4.28330 3233.10836      165.98834    4.29588 3233.00420      0.8733
  -36800    165.99694    4.28330 3233.10837      165.98808    4.29592 3233.00421      0.8757
  -36900    165.99670    4.28330 3233.10838      165.98781    4.29596 3233.00422      0.8780
  -37000    165.99645    4.28331 3233.10839      165.98755    4.29600 3233.00423      0.8803
  -37100    165.99621    4.28331 3233.10839      165.98728    4.29604 3233.00424      0.8827
  -37200    165.99597    4.28331 3233.10840      165.98702    4.29608 3233.00425      0.8850
  -37300    165.99573    4.28332 3233.10841      165.98676    4.29612 3233.00426      0.8873
  -37400    165.99549    4.28332 3233.10842      165.98649    4.29616 3233.00427      0.8897
  -37500    165.99525    4.28332 3233.10842      165.98623    4.29620 3233.00428      0.8920
  -37600    165.99500    4.28333 3233.10843      165.98597    4.29623 3233.00429      0.8943
  -37700    165.99476    4.28333 3233.10844      165.98570    4.29627 3233.00430      0.8967
  -37800    165.99452    4.28333 3233.10845      165.98544    4.29631 3233.00431      0.8990
  -37900    165.99428    4.28334 3233.10846      165.98518    4.29635 3233.00432      0.9014
  -38000    165.99404    4.28334 3233.10846      165.98491    4.29639 3233.00433      0.9037
  -38100    165.99379    4.28334 3233.10847      165.98465    4.29643 3233.00434      0.9060
  -38200    165.99355    4.28335 3233.10848      165.98439    4.29647 3233.00435      0.9084
  -38300    165.99331    4.28335 3233.10849      165.98412    4.29651 3233.00436      0.9107
  -38400    165.99307    4.28335 3233.10849      165.98386    4.29655 3233.00437      0.9130
  -38500    165.99283    4.28336 3233.10850      165.98360    4.29658 3233.00438      0.9154
  -38600    165.99259    4.28336 3233.10851      165.98333    4.29662 3233.00439      0.9177
  -38700    165.99234    4.28336 3233.10852      165.98307    4.29666 3233.00440      0.9201
  -38800    165.99210    4.28337 3233.10853      165.98281    4.29670 3233.00441      0.9224
  -38900    165.99186    4.28337 3233.10853      165.98254    4.29674 3233.00442      0.9247
  -39000    165.99162    4.28337 3233.10854      165.98228    4.29678 3233.00443      0.9271
  -39100    165.99138    4.28338 3233.10855      165.98202    4.29682 3233.00444      0.9294
  -39200    165.99114    4.28338 3233.10856      165.98175    4.29686 3233.00445      0.9317
  -39300    165.99089    4.28338 3233.10857      165.98149    4.29690 3233.00446      0.9341
  -39400    165.99065    4.28338 3233.10857      165.98122    4.29694 3233.00447      0.9364
  -39500    165.99041    4.28339 3233.10858      165.98096    4.29697 3233.00448      0.9388
  -39600    165.99017    4.28339 3233.10859      165.98070    4.29701 3233.00449      0.9411
  -39700    165.98993    4.28339 3233.10860      165.98043    4.29705 3233.00450      0.9434
  -39800    165.98968    4.28340 3233.10861      165.98017    4.29709 3233.00451      0.9458
  -39900    165.98944    4.28340 3233.10862      165.97991    4.29713 3233.00452      0.9481
  -40000    165.98920    4.28340 3233.10862      165.97964    4.29717 3233.00453      0.9504
  -40100    165.98896    4.28341 3233.10863      165.97938    4.29721 3233.00454      0.9528
  -40200    165.98872    4.28341 3233.10864      165.97912    4.29725 3233.00455      0.9551
  -40300    165.98848    4.28341 3233.10865      165.97885    4.29729 3233.00456      0.9575
  -40400    165.98823    4.28342 3233.10866      165.97859    4.29732 3233.00457      0.9598
  -40500    165.98799    4.28342 3233.10867      165.97833    4.29736 3233.00458      0.9621
  -40600    165.98775    4.28342 3233.10867      165.97806    4.29740 3233.00460      0.9645
  -40700    165.98751    4.28343 3233.10868      165.97780    4.29744 3233.00461      0.9668
  -40800    165.98727    4.28343 3233.10869      165.97754    4.29748 3233.00462      0.9692
  -40900    165.98703    4.28343 3233.10870      165.97727    4.29752 3233.00463      0.9715
  -41000    165.98678    4.28344 3233.10871      165.97701    4.29756 3233.00464      0.9738
  -41100    165.98654    4.28344 3233.10872      165.97675    4.29760 3233.00465      0.9762
  -41200    165.98630    4.28344 3233.10872      165.97648    4.29764 3233.00466      0.9785
  -41300    165.98606    4.28345 3233.10873      165.97622    4.29767 3233.00467      0.9809
  -41400    165.98582    4.28345 3233.10874      165.97596    4.29771 3233.00468      0.9832
  -41500    165.98557    4.28345 3233.10875      165.97569    4.29775 3233.00469      0.9855
  -41600    165.98533    4.28345 3233.10876      165.97543    4.29779 3233.00470      0.9879
  -41700    165.98509    4.28346 3233.10877      165.97516    4.29783 3233.00471      0.9902
  -41800    165.98485    4.28346 3233.10878      165.97490    4.29787 3233.00472      0.9926
  -41900    165.98461    4.28346 3233.10878      165.97464    4.29791 3233.00473      0.9949
  -42000    165.98437    4.28347 3233.10879      165.97437    4.29795 3233.00475      0.9972
  -42100    165.98412    4.28347 3233.10880      165.97411    4.29799 3233.00476      0.9996
  -42200    165.98388    4.28347 3233.10881      165.97385    4.29803 3233.00477      1.0019
  -42300    165.98364    4.28348 3233.10882      165.97358    4.29806 3233.00478      1.0043
  -42400    165.98340    4.28348 3233.10883      165.97332    4.29810 3233.00479      1.0066
  -42500    165.98316    4.28348 3233.10884      165.97306    4.29814 3233.00480      1.0089
  -42600    165.98291    4.28349 3233.10884      165.97279    4.29818 3233.00481      1.0113
  -42700    165.98267    4.28349 3233.10885      165.97253    4.29822 3233.00482      1.0136
  -42800    165.98243    4.28349 3233.10886      165.97227    4.29826 3233.00483      1.0160
  -42900    165.98219    4.28350 3233.10887      165.97200    4.29830 3233.00484      1.0183
  -43000    165.98195    4.28350 3233.10888      165.97174    4.29834 3233.00486      1.0206
  -43100    165.98171    4.28350 3233.10889      165.97148    4.29838 3233.00487      1.0230
  -43200    165.98146    4.28351 3233.10890      165.97121    4.29841 3233.00488      1.0253
  -43300    165.98122    4.28351 3233.10891      165.97095    4.29845 3233.00489      1.0277
  -43400    165.98098    4.28351 3233.10892      165.97069    4.29849 3233.00490      1.0300
  -43500    165.98074    4.28352 3233.10892      165.97042    4.29853 3233.00491      1.0323
  -43600    165.98050    4.28352 3233.10893      165.97016    4.29857 3233.00492      1.0347
  -43700    165.98026    4.28352 3233.10895      165.96990    4.29861 3233.00494      1.0370
  -43800    165.98001    4.28352 3233.10896      165.96963    4.29865 3233.00495      1.0394
  -43900    165.97977    4.28353 3233.10897      165.96937    4.29869 3233.00496      1.0417
  -44000    165.97953    4.28353 3233.10898      165.96910    4.29873 3233.00497      1.0441
  -44100    165.97929    4.28353 3233.10898      165.96884    4.29876 3233.00499      1.0464
  -44200    165.97905    4.28354 3233.10899      165.96858    4.29880 3233.00500      1.0487
  -44300    165.97880    4.28354 3233.10900      165.96831    4.29884 3233.00501      1.0511
  -44400    165.97856    4.28354 3233.10901      165.96805    4.29888 3233.00502      1.0534
  -44500    165.97832    4.28355 3233.10902      165.96779    4.29892 3233.00503      1.0558
  -44600    165.97808    4.28355 3233.10903      165.96752    4.29896 3233.00504      1.0581
  -44700    165.97784    4.28355 3233.10904      165.96726    4.29900 3233.00506      1.0604
  -44800    165.97760    4.28356 3233.10905      165.96700    4.29904 3233.00507      1.0628
  -44900    165.97735    4.28356 3233.10906      165.96673    4.29908 3233.00508      1.0651
  -45000    165.97711    4.28356 3233.10907      165.96647    4.29912 3233.00509      1.0675
  -45100    165.97687    4.28357 3233.10908      165.96621    4.29915 3233.00510      1.0698
  -45200    165.97663    4.28357 3233.10909      165.96594    4.29919 3233.00511      1.0722
  -45300    165.97639    4.28357 3233.10910      165.96568    4.29923 3233.00513      1.0745
  -45400    165.97615    4.28358 3233.10910      165.96542    4.29927 3233.00514      1.0768
  -45500    165.97590    4.28358 3233.10911      165.96515    4.29931 3233.00515      1.0792
  -45600    165.97566    4.28358 3233.10912      165.96489    4.29935 3233.00516      1.0815
  -45700    165.97542    4.28359 3233.10913      165.96463    4.29939 3233.00517      1.0839
  -45800    165.97518    4.28359 3233.10914      165.96436    4.29943 3233.00519      1.0862
  -45900    165.97494    4.28359 3233.10915      165.96410    4.29947 3233.00520      1.0886
  -46000    165.97469    4.28359 3233.10916      165.96384    4.29950 3233.00521      1.0909
  -46100    165.97445    4.28360 3233.10917      165.96357    4.29954 3233.00522      1.0932
  -46200    165.97421    4.28360 3233.10918      165.96331    4.29958 3233.00523      1.0956
  -46300    165.97397    4.28360 3233.10919      165.96305    4.29962 3233.00525      1.0979
  -46400    165.97373    4.28361 3233.10920      165.96278    4.29966 3233.00526      1.1003
  -46500    165.97349    4.28361 3233.10921      165.96252    4.29970 3233.00527      1.1026
  -46600    165.97324    4.28361 3233.10922      165.96225    4.29974 3233.00528      1.1050
  -46700    165.97300    4.28362 3233.10923      165.96199    4.29978 3233.00529      1.1073
  -46800    165.97276    4.28362 3233.10924      165.96173    4.29982 3233.00531      1.1096
  -46900    165.97252    4.28362 3233.10925      165.96146    4.29985 3233.00532      1.1120
  -47000    165.97228    4.28363 3233.10926      165.96120    4.29989 3233.00533      1.1143
  -47100    165.97203    4.28363 3233.10927      165.96094    4.29993 3233.00534      1.1167
  -47200    165.97179    4.28363 3233.10928      165.96067    4.29997 3233.00536      1.1190
  -47300    165.97155    4.28364 3233.10929      165.96041    4.30001 3233.00537      1.1214
  -47400    165.97131    4.28364 3233.10930      165.96015    4.30005 3233.00538      1.1237
  -47500    165.97107    4.28364 3233.10931      165.95988    4.30009 3233.00539      1.1261
  -47600    165.97083    4.28365 3233.10932      165.95962    4.30013 3233.00541      1.1284
  -47700    165.97058    4.28365 3233.10933      165.95936    4.30017 3233.00542      1.1307
  -47800    165.97034    4.28365 3233.10934      165.95909    4.30020 3233.00543      1.1331
  -47900    165.97010    4.28366 3233.10935      165.95883    4.30024 3233.00544      1.1354
  -48000    165.96986    4.28366 3233.10936      165.95857    4.30028 3233.00546      1.1378
  -48100    165.96962    4.28366 3233.10937      165.95830    4.30032 3233.00547      1.1401
  -48200    165.96938    4.28366 3233.10938      165.95804    4.30036 3233.00548      1.1425
  -48300    165.96913    4.28367 3233.10939      165.95778    4.30040 3233.00549      1.1448
  -48400    165.96889    4.28367 3233.10940      165.95751    4.30044 3233.00551      1.1472
  -48500    165.96865    4.28367 3233.10941      165.95725    4.30048 3233.00552      1.1495
  -48600    165.96841    4.28368 3233.10942      165.95699    4.30052 3233.00553      1.1518
  -48700    165.96817    4.28368 3233.10943      165.95672    4.30056 3233.00554      1.1542
  -48800    165.96792    4.28368 3233.10944      165.95646    4.30059 3233.00556      1.1565
  -48900    165.96768    4.28369 3233.10945      165.95620    4.30063 3233.00557      1.1589
  -49000    165.96744    4.28369 3233.10946      165.95593    4.30067 3233.00558      1.1612
  -49100    165.96720    4.28369 3233.10947      165.95567    4.30071 3233.00559      1.1636
  -49200    165.96696    4.28370 3233.10948      165.95540    4.30075 3233.00561      1.1659
  -49300    165.96672    4.28370 3233.10949      165.95514    4.30079 3233.00562      1.1683
  -49400    165.96647    4.28370 3233.10950      165.95488    4.30083 3233.00563      1.1706
  -49500    165.96623    4.28371 3233.10951      165.95461    4.30087 3233.00565      1.1729
  -49600    165.96599    4.28371 3233.10952      165.95435    4.30091 3233.00566      1.1753
  -49700    165.96575    4.28371 3233.10953      165.95409    4.30094 3233.00567      1.1776
  -49800    165.96551    4.28372 3233.10954      165.95382    4.30098 3233.00568      1.1800
  -49900    165.96527    4.28372 3233.10955      165.95356    4.30102 3233.00570      1.1823
  -50000    165.96502    4.28372 3233.10956      165.95330    4.30106 3233.00571      1.1847
  -50100    165.96478    4.28372 3233.10957      165.95303    4.30110 3233.00572      1.1870
  -50200    165.96454    4.28373 3233.10958      165.95277    4.30114 3233.00574      1.1894
  -50300    165.96430    4.28373 3233.10959      165.95251    4.30118 3233.00575      1.1917
  -50400    165.96406    4.28373 3233.10960      165.95224    4.30122 3233.00576      1.1940
  -50500    165.96381    4.28374 3233.10961      165.95198    4.30126 3233.00578      1.1964
  -50600    165.96357    4.28374 3233.10962      165.95172    4.30129 3233.00579      1.1987
  -50700    165.96333    4.28374 3233.10963      165.95145    4.30133 3233.00580      1.2011
  -50800    165.96309    4.28375 3233.10964      165.95119    4.30137 3233.00581      1.2034
  -50900    165.96285    4.28375 3233.10965      165.95093    4.30141 3233.00583      1.2058
  -51000    165.96261    4.28375 3233.10966      165.95066    4.30145 3233.00584      1.2081
  -51100    165.96236    4.28376 3233.10967      165.95040    4.30149 3233.00585      1.2105
  -51200    165.96212    4.28376 3233.10968      165.95014    4.30153 3233.00587      1.2128
  -51300    165.96188    4.28376 3233.10969      165.94987    4.30157 3233.00588      1.2152
  -51400    165.96164    4.28377 3233.10970      165.94961    4.30161 3233.00589      1.2175
  -51500    165.96140    4.28377 3233.10971      165.94935    4.30164 3233.00591      1.2199
  -51600    165.96116    4.28377 3233.10972      165.94908    4.30168 3233.00592      1.2222
  -51700    165.96091    4.28378 3233.10973      165.94882    4.30172 3233.00593      1.2245
  -51800    165.96067    4.28378 3233.10975      165.94855    4.30176 3233.00595      1.2269
  -51900    165.96043    4.28378 3233.10976      165.94829    4.30180 3233.00596      1.2292
  -52000    165.96019    4.28379 3233.10977      165.94803    4.30184 3233.00597      1.2316
  -52100    165.95995    4.28379 3233.10978      165.94776    4.30188 3233.00599      1.2339
  -52200    165.95970    4.28379 3233.10979      165.94750    4.30192 3233.00600      1.2363
  -52300    165.95946    4.28379 3233.10980      165.94724    4.30196 3233.00602      1.2386
  -52400    165.95922    4.28380 3233.10981      165.94697    4.30199 3233.00603      1.2410
  -52500    165.95898    4.28380 3233.10982      165.94671    4.30203 3233.00604      1.2433
  -52600    165.95874    4.28380 3233.10983      165.94645    4.30207 3233.00606      1.2457
  -52700    165.95850    4.28381 3233.10984      165.94618    4.30211 3233.00607      1.2480
  -52800    165.95825    4.28381 3233.10985      165.94592    4.30215 3233.00608      1.2504
  -52900    165.95801    4.28381 3233.10986      165.94566    4.30219 3233.00610      1.2527
  -53000    165.95777    4.28382 3233.10987      165.94539    4.30223 3233.00611      1.2550
  -53100    165.95753    4.28382 3233.10989      165.94513    4.30227 3233.00613      1.2574
  -53200    165.95729    4.28382 3233.10990      165.94487    4.30231 3233.00614      1.2597
  -53300    165.95705    4.28383 3233.10991      165.94460    4.30234 3233.00615      1.2621
  -53400    165.95680    4.28383 3233.10992      165.94434    4.30238 3233.00617      1.2644
  -53500    165.95656    4.28383 3233.10993      165.94408    4.30242 3233.00618      1.2668
  -53600    165.95632    4.28384 3233.10994      165.94381    4.30246 3233.00620      1.2691
  -53700    165.95608    4.28384 3233.10995      165.94355    4.30250 3233.00621      1.2715
  -53800    165.95584    4.28384 3233.10996      165.94329    4.30254 3233.00622      1.2738
  -53900    165.95559    4.28385 3233.10997      165.94302    4.30258 3233.00624      1.2762
  -54000    165.95535    4.28385 3233.10999      165.94276    4.30262 3233.00625      1.2785
  -54100    165.95511    4.28385 3233.11000      165.94250    4.30266 3233.00627      1.2809
  -54200    165.95487    4.28385 3233.11001      165.94223    4.30269 3233.00628      1.2832
  -54300    165.95463    4.28386 3233.11002      165.94197    4.30273 3233.00629      1.2856
  -54400    165.95439    4.28386 3233.11003      165.94170    4.30277 3233.00631      1.2879
  -54500    165.95414    4.28386 3233.11004      165.94144    4.30281 3233.00632      1.2902
  -54600    165.95390    4.28387 3233.11005      165.94118    4.30285 3233.00634      1.2926
  -54700    165.95366    4.28387 3233.11006      165.94091    4.30289 3233.00635      1.2949
  -54800    165.95342    4.28387 3233.11007      165.94065    4.30293 3233.00636      1.2973
  -54900    165.95318    4.28388 3233.11009      165.94039    4.30297 3233.00638      1.2996
  -55000    165.95294    4.28388 3233.11010      165.94012    4.30301 3233.00639      1.3020
  -55100    165.95269    4.28388 3233.11011      165.93986    4.30304 3233.00641      1.3043
  -55200    165.95245    4.28389 3233.11012      165.93960    4.30308 3233.00642      1.3067
  -55300    165.95221    4.28389 3233.11013      165.93933    4.30312 3233.00644      1.3090
  -55400    165.95197    4.28389 3233.11014      165.93907    4.30316 3233.00645      1.3114
  -55500    165.95173    4.28390 3233.11015      165.93881    4.30320 3233.00647      1.3137
  -55600    165.95148    4.28390 3233.11017      165.93854    4.30324 3233.00648      1.3161
  -55700    165.95124    4.28390 3233.11018      165.93828    4.30328 3233.00649      1.3184
  -55800    165.95100    4.28391 3233.11019      165.93802    4.30332 3233.00651      1.3208
  -55900    165.95076    4.28391 3233.11020      165.93775    4.30336 3233.00652      1.3231
  -56000    165.95052    4.28391 3233.11021      165.93749    4.30339 3233.00654      1.3255
  -56100    165.95028    4.28391 3233.11022      165.93723    4.30343 3233.00655      1.3278
  -56200    165.95003    4.28392 3233.11024      165.93696    4.30347 3233.00657      1.3302
  -56300    165.94979    4.28392 3233.11025      165.93670    4.30351 3233.00658      1.3325
  -56400    165.94955    4.28392 3233.11026      165.93644    4.30355 3233.00660      1.3348
  -56500    165.94931    4.28393 3233.11027      165.93617    4.30359 3233.00661      1.3372
  -56600    165.94907    4.28393 3233.11028      165.93591    4.30363 3233.00663      1.3395
  -56700    165.94883    4.28393 3233.11029      165.93565    4.30367 3233.00664      1.3419
  -56800    165.94858    4.28394 3233.11031      165.93538    4.30371 3233.00666      1.3442
  -56900    165.94834    4.28394 3233.11032      165.93512    4.30374 3233.00667      1.3466
  -57000    165.94810    4.28394 3233.11033      165.93486    4.30378 3233.00668      1.3489
  -57100    165.94786    4.28395 3233.11034      165.93459    4.30382 3233.00670      1.3513
  -57200    165.94762    4.28395 3233.11035      165.93433    4.30386 3233.00671      1.3536
  -57300    165.94738    4.28395 3233.11036      165.93406    4.30390 3233.00673      1.3560
  -57400    165.94713    4.28396 3233.11038      165.93380    4.30394 3233.00674      1.3583
  -57500    165.94689    4.28396 3233.11039      165.93354    4.30398 3233.00676      1.3607
  -57600    165.94665    4.28396 3233.11040      165.93327    4.30402 3233.00677      1.3630
  -57700    165.94641    4.28397 3233.11041      165.93301    4.30406 3233.00679      1.3654
  -57800    165.94617    4.28397 3233.11042      165.93275    4.30410 3233.00680      1.3677
  -57900    165.94592    4.28397 3233.11044      165.93248    4.30413 3233.00682      1.3701
  -58000    165.94568    4.28397 3233.11045      165.93222    4.30417 3233.00683      1.3724
  -58100    165.94544    4.28398 3233.11046      165.93196    4.30421 3233.00685      1.3748
  -58200    165.94520    4.28398 3233.11047      165.93169    4.30425 3233.00686      1.3771
  -58300    165.94496    4.28398 3233.11048      165.93143    4.30429 3233.00688      1.3795
  -58400    165.94472    4.28399 3233.11050      165.93117    4.30433 3233.00690      1.3818
  -58500    165.94447    4.28399 3233.11051      165.93090    4.30437 3233.00691      1.3842
  -58600    165.94423    4.28399 3233.11052      165.93064    4.30441 3233.00693      1.3865
  -58700    165.94399    4.28400 3233.11053      165.93038    4.30445 3233.00694      1.3889
  -58800    165.94375    4.28400 3233.11054      165.93011    4.30448 3233.00696      1.3912
  -58900    165.94351    4.28400 3233.11056      165.92985    4.30452 3233.00697      1.3936
  -59000    165.94327    4.28401 3233.11057      165.92959    4.30456 3233.00699      1.3959
  -59100    165.94302    4.28401 3233.11058      165.92932    4.30460 3233.00700      1.3982
  -59200    165.94278    4.28401 3233.11059      165.92906    4.30464 3233.00702      1.4006
  -59300    165.94254    4.28402 3233.11060      165.92880    4.30468 3233.00703      1.4029
  -59400    165.94230    4.28402 3233.11062      165.92853    4.30472 3233.00705      1.4053
  -59500    165.94206    4.28402 3233.11063      165.92827    4.30476 3233.00706      1.4076
  -59600    165.94181    4.28403 3233.11064      165.92801    4.30480 3233.00708      1.4100
  -59700    165.94157    4.28403 3233.11065      165.92774    4.30483 3233.00710      1.4123
  -59800    165.94133    4.28403 3233.11067      165.92748    4.30487 3233.00711      1.4147
  -59900    165.94109    4.28403 3233.11068      165.92722    4.30491 3233.00713      1.4170
  -60000    165.94085    4.28404 3233.11069      165.92695    4.30495 3233.00714      1.4194
  -60100    165.94061    4.28404 3233.11070      165.92669    4.30499 3233.00716      1.4217
  -60200    165.94036    4.28404 3233.11072      165.92642    4.30503 3233.00717      1.4241
  -60300    165.94012    4.28405 3233.11073      165.92616    4.30507 3233.00719      1.4264
  -60400    165.93988    4.28405 3233.11074      165.92590    4.30511 3233.00720      1.4288
  -60500    165.93964    4.28405 3233.11075      165.92563    4.30515 3233.00722      1.4311
  -60600    165.93940    4.28406 3233.11077      165.92537    4.30518 3233.00724      1.4335
  -60700    165.93916    4.28406 3233.11078      165.92511    4.30522 3233.00725      1.4358
  -60800    165.93891    4.28406 3233.11079      165.92484    4.30526 3233.00727      1.4382
  -60900    165.93867    4.28407 3233.11080      165.92458    4.30530 3233.00728      1.4405
  -61000    165.93843    4.28407 3233.11082      165.92432    4.30534 3233.00730      1.4429
  -61100    165.93819    4.28407 3233.11083      165.92405    4.30538 3233.00732      1.4452
  -61200    165.93795    4.28408 3233.11084      165.92379    4.30542 3233.00733      1.4476
  -61300    165.93770    4.28408 3233.11085      165.92353    4.30546 3233.00735      1.4499
  -61400    165.93746    4.28408 3233.11087      165.92326    4.30549 3233.00736      1.4523
  -61500    165.93722    4.28408 3233.11088      165.92300    4.30553 3233.00738      1.4546
  -61600    165.93698    4.28409 3233.11089      165.92274    4.30557 3233.00740      1.4570
  -61700    165.93674    4.28409 3233.11090      165.92247    4.30561 3233.00741      1.4593
  -61800    165.93650    4.28409 3233.11092      165.92221    4.30565 3233.00743      1.4617
  -61900    165.93625    4.28410 3233.11093      165.92195    4.30569 3233.00744      1.4640
  -62000    165.93601    4.28410 3233.11094      165.92168    4.30573 3233.00746      1.4664
  -62100    165.93577    4.28410 3233.11095      165.92142    4.30577 3233.00748      1.4687
  -62200    165.93553    4.28411 3233.11097      165.92116    4.30581 3233.00749      1.4711
  -62300    165.93529    4.28411 3233.11098      165.92089    4.30584 3233.00751      1.4734
  -62400    165.93505    4.28411 3233.11099      165.92063    4.30588 3233.00752      1.4758
  -62500    165.93480    4.28412 3233.11101      165.92037    4.30592 3233.00754      1.4781
  -62600    165.93456    4.28412 3233.11102      165.92010    4.30596 3233.00756      1.4805
  -62700    165.93432    4.28412 3233.11103      165.91984    4.30600 3233.00757      1.4828
  -62800    165.93408    4.28413 3233.11105      165.91958    4.30604 3233.00759      1.4852
  -62900    165.93384    4.28413 3233.11106      165.91931    4.30608 3233.00761      1.4875
  -63000    165.93360    4.28413 3233.11107      165.91905    4.30612 3233.00762      1.4899
  -63100    165.93335    4.28414 3233.11108      165.91879    4.30616 3233.00764      1.4922
  -63200    165.93311    4.28414 3233.11110      165.91852    4.30619 3233.00766      1.4946
  -63300    165.93287    4.28414 3233.11111      165.91826    4.30623 3233.00767      1.4969
  -63400    165.93263    4.28414 3233.11112      165.91799    4.30627 3233.00769      1.4993
  -63500    165.93239    4.28415 3233.11114      165.91773    4.30631 3233.00771      1.5016
  -63600    165.93214    4.28415 3233.11115      165.91747    4.30635 3233.00772      1.5040
  -63700    165.93190    4.28415 3233.11116      165.91720    4.30639 3233.00774      1.5063
  -63800    165.93166    4.28416 3233.11118      165.91694    4.30643 3233.00775      1.5087
  -63900    165.93142    4.28416 3233.11119      165.91668    4.30647 3233.00777      1.5110
  -64000    165.93118    4.28416 3233.11120      165.91641    4.30651 3233.00779      1.5134
  -64100    165.93094    4.28417 3233.11122      165.91615    4.30654 3233.00780      1.5157
  -64200    165.93069    4.28417 3233.11123      165.91589    4.30658 3233.00782      1.5181
  -64300    165.93045    4.28417 3233.11124      165.91562    4.30662 3233.00784      1.5204
  -64400    165.93021    4.28418 3233.11125      165.91536    4.30666 3233.00786      1.5228
  -64500    165.92997    4.28418 3233.11127      165.91510    4.30670 3233.00787      1.5251
  -64600    165.92973    4.28418 3233.11128      165.91483    4.30674 3233.00789      1.5275
  -64700    165.92949    4.28419 3233.11129      165.91457    4.30678 3233.00791      1.5298
  -64800    165.92924    4.28419 3233.11131      165.91431    4.30682 3233.00792      1.5322
  -64900    165.92900    4.28419 3233.11132      165.91404    4.30686 3233.00794      1.5345
  -65000    165.92876    4.28419 3233.11133      165.91378    4.30689 3233.00796      1.5369
  -65100    165.92852    4.28420 3233.11135      165.91352    4.30693 3233.00797      1.5392
  -65200    165.92828    4.28420 3233.11136      165.91325    4.30697 3233.00799      1.5416
  -65300    165.92804    4.28420 3233.11138      165.91299    4.30701 3233.00801      1.5439
  -65400    165.92779    4.28421 3233.11139      165.91273    4.30705 3233.00802      1.5463
  -65500    165.92755    4.28421 3233.11140      165.91246    4.30709 3233.00804      1.5486
  -65600    165.92731    4.28421 3233.11142      165.91220    4.30713 3233.00806      1.5510
  -65700    165.92707    4.28422 3233.11143      165.91194    4.30717 3233.00808      1.5533
  -65800    165.92683    4.28422 3233.11144      165.91167    4.30721 3233.00809      1.5557
  -65900    165.92658    4.28422 3233.11146      165.91141    4.30724 3233.00811      1.5580
  -66000    165.92634    4.28423 3233.11147      165.91115    4.30728 3233.00813      1.5604
  -66100    165.92610    4.28423 3233.11148      165.91088    4.30732 3233.00814      1.5627
  -66200    165.92586    4.28423 3233.11150      165.91062    4.30736 3233.00816      1.5651
  -66300    165.92562    4.28424 3233.11151      165.91036    4.30740 3233.00818      1.5674
  -66400    165.92538    4.28424 3233.11152      165.91009    4.30744 3233.00820      1.5698
  -66500    165.92513    4.28424 3233.11154      165.90983    4.30748 3233.00821      1.5721
  -66600    165.92489    4.28424 3233.11155      165.90956    4.30752 3233.00823      1.5745
  -66700    165.92465    4.28425 3233.11157      165.90930    4.30756 3233.00825      1.5768
  -66800    165.92441    4.28425 3233.11158      165.90904    4.30759 3233.00827      1.5792
  -66900    165.92417    4.28425 3233.11159      165.90877    4.30763 3233.00828      1.5815
  -67000    165.92393    4.28426 3233.11161      165.90851    4.30767 3233.00830      1.5839
  -67100    165.92368    4.28426 3233.11162      165.90825    4.30771 3233.00832      1.5862
  -67200    165.92344    4.28426 3233.11163      165.90798    4.30775 3233.00834      1.5886
  -67300    165.92320    4.28427 3233.11165      165.90772    4.30779 3233.00835      1.5909
  -67400    165.92296    4.28427 3233.11166      165.90746    4.30783 3233.00837      1.5933
  -67500    165.92272    4.28427 3233.11168      165.90719    4.30787 3233.00839      1.5956
  -67600    165.92248    4.28428 3233.11169      165.90693    4.30791 3233.00841      1.5980
  -67700    165.92223    4.28428 3233.11170      165.90667    4.30794 3233.00842      1.6003
  -67800    165.92199    4.28428 3233.11172      165.90640    4.30798 3233.00844      1.6027
  -67900    165.92175    4.28429 3233.11173      165.90614    4.30802 3233.00846      1.6050
  -68000    165.92151    4.28429 3233.11175      165.90588    4.30806 3233.00848      1.6074
  -68100    165.92127    4.28429 3233.11176      165.90561    4.30810 3233.00849      1.6097
  -68200    165.92102    4.28430 3233.11177      165.90535    4.30814 3233.00851      1.6121
  -68300    165.92078    4.28430 3233.11179      165.90509    4.30818 3233.00853      1.6144
  -68400    165.92054    4.28430 3233.11180      165.90482    4.30822 3233.00855      1.6168
  -68500    165.92030    4.28430 3233.11182      165.90456    4.30826 3233.00857      1.6191
  -68600    165.92006    4.28431 3233.11183      165.90430    4.30829 3233.00858      1.6215
  -68700    165.91982    4.28431 3233.11185      165.90403    4.30833 3233.00860      1.6238
  -68800    165.91957    4.28431 3233.11186      165.90377    4.30837 3233.00862      1.6262
  -68900    165.91933    4.28432 3233.11187      165.90351    4.30841 3233.00864      1.6285
  -69000    165.91909    4.28432 3233.11189      165.90324    4.30845 3233.00865      1.6309
  -69100    165.91885    4.28432 3233.11190      165.90298    4.30849 3233.00867      1.6332
  -69200    165.91861    4.28433 3233.11192      165.90272    4.30853 3233.00869      1.6356
  -69300    165.91837    4.28433 3233.11193      165.90245    4.30857 3233.00871      1.6379
  -69400    165.91812    4.28433 3233.11195      165.90219    4.30861 3233.00873      1.6403
  -69500    165.91788    4.28434 3233.11196      165.90193    4.30864 3233.00875      1.6426
  -69600    165.91764    4.28434 3233.11198      165.90166    4.30868 3233.00877      1.6450
  -69700    165.91740    4.28434 3233.11199      165.90140    4.30872 3233.00879      1.6473
  -69800    165.91716    4.28435 3233.11201      165.90113    4.30876 3233.00880      1.6497
  -69900    165.91692    4.28435 3233.11202      165.90087    4.30880 3233.00882      1.6520
  -70000    165.91667    4.28435 3233.11204      165.90061    4.30884 3233.00884      1.6544
  -70100    165.91643    4.28435 3233.11205      165.90034    4.30888 3233.00886      1.6567
  -70200    165.91619    4.28436 3233.11207      165.90008    4.30892 3233.00888      1.6591
  -70300    165.91595    4.28436 3233.11208      165.89982    4.30895 3233.00890      1.6614
  -70400    165.91571    4.28436 3233.11209      165.89955    4.30899 3233.00891      1.6638
  -70500    165.91546    4.28437 3233.11211      165.89929    4.30903 3233.00893      1.6661
  -70600    165.91522    4.28437 3233.11212      165.89903    4.30907 3233.00895      1.6685
  -70700    165.91498    4.28437 3233.11214      165.89876    4.30911 3233.00897      1.6709
  -70800    165.91474    4.28438 3233.11215      165.89850    4.30915 3233.00899      1.6732
  -70900    165.91450    4.28438 3233.11217      165.89824    4.30919 3233.00901      1.6756
  -71000    165.91426    4.28438 3233.11218      165.89797    4.30923 3233.00902      1.6779
  -71100    165.91401    4.28439 3233.11220      165.89771    4.30927 3233.00904      1.6803
  -71200    165.91377    4.28439 3233.11221      165.89745    4.30930 3233.00906      1.6826
  -71300    165.91353    4.28439 3233.11223      165.89718    4.30934 3233.00908      1.6850
  -71400    165.91329    4.28440 3233.11224      165.89692    4.30938 3233.00910      1.6873
  -71500    165.91305    4.28440 3233.11226      165.89666    4.30942 3233.00912      1.6897
  -71600    165.91281    4.28440 3233.11227      165.89639    4.30946 3233.00914      1.6920
  -71700    165.91256    4.28440 3233.11229      165.89613    4.30950 3233.00916      1.6944
  -71800    165.91232    4.28441 3233.11230      165.89587    4.30954 3233.00917      1.6967
  -71900    165.91208    4.28441 3233.11231      165.89560    4.30958 3233.00919      1.6991
  -72000    165.91184    4.28441 3233.11233      165.89534    4.30962 3233.00921      1.7014
  -72100    165.91160    4.28442 3233.11234      165.89508    4.30965 3233.00923      1.7038
  -72200    165.91136    4.28442 3233.11236      165.89481    4.30969 3233.00925      1.7061
  -72300    165.91111    4.28442 3233.11237      165.89455    4.30973 3233.00927      1.7085
  -72400    165.91087    4.28443 3233.11239      165.89429    4.30977 3233.00929      1.7108
  -72500    165.91063    4.28443 3233.11240      165.89402    4.30981 3233.00931      1.7132
  -72600    165.91039    4.28443 3233.11242      165.89376    4.30985 3233.00932      1.7155
  -72700    165.91015    4.28444 3233.11243      165.89350    4.30989 3233.00934      1.7179
  -72800    165.90990    4.28444 3233.11245      165.89323    4.30993 3233.00936      1.7202
  -72900    165.90966    4.28444 3233.11246      165.89297    4.30997 3233.00938      1.7226
  -73000    165.90942    4.28445 3233.11248      165.89271    4.31000 3233.00940      1.7249
  -73100    165.90918    4.28445 3233.11249      165.89244    4.31004 3233.00942      1.7273
  -73200    165.90894    4.28445 3233.11251      165.89218    4.31008 3233.00944      1.7296
  -73300    165.90870    4.28445 3233.11252      165.89192    4.31012 3233.00946      1.7320
  -73400    165.90845    4.28446 3233.11254      165.89165    4.31016 3233.00948      1.7343
  -73500    165.90821    4.28446 3233.11255      165.89139    4.31020 3233.00950      1.7367
  -73600    165.90797    4.28446 3233.11257      165.89112    4.31024 3233.00951      1.7390
  -73700    165.90773    4.28447 3233.11259      165.89086    4.31028 3233.00953      1.7414
  -73800    165.90749    4.28447 3233.11260      165.89060    4.31031 3233.00955      1.7437
  -73900    165.90725    4.28447 3233.11262      165.89033    4.31035 3233.00957      1.7461
  -74000    165.90700    4.28448 3233.11263      165.89007    4.31039 3233.00959      1.7484
  -74100    165.90676    4.28448 3233.11265      165.88981    4.31043 3233.00961      1.7508
  -74200    165.90652    4.28448 3233.11266      165.88954    4.31047 3233.00963      1.7532
  -74300    165.90628    4.28449 3233.11268      165.88928    4.31051 3233.00965      1.7555
  -74400    165.90604    4.28449 3233.11269      165.88902    4.31055 3233.00967      1.7579
  -74500    165.90580    4.28449 3233.11271      165.88875    4.31059 3233.00969      1.7602
  -74600    165.90555    4.28449 3233.11272      165.88849    4.31063 3233.00971      1.7626
  -74700    165.90531    4.28450 3233.11274      165.88823    4.31066 3233.00973      1.7649
  -74800    165.90507    4.28450 3233.11275      165.88796    4.31070 3233.00975      1.7673
  -74900    165.90483    4.28450 3233.11277      165.88770    4.31074 3233.00977      1.7696
  -75000    165.90459    4.28451 3233.11278      165.88744    4.31078 3233.00979      1.7720
  -75100    165.90435    4.28451 3233.11280      165.88717    4.31082 3233.00981      1.7743
  -75200    165.90410    4.28451 3233.11282      165.88691    4.31086 3233.00983      1.7767
  -75300    165.90386    4.28452 3233.11283      165.88665    4.31090 3233.00984      1.7790
  -75400    165.90362    4.28452 3233.11285      165.88638    4.31094 3233.00986      1.7814
  -75500    165.90338    4.28452 3233.11286      165.88612    4.31098 3233.00988      1.7837
  -75600    165.90314    4.28453 3233.11288      165.88586    4.31101 3233.00990      1.7861
  -75700    165.90289    4.28453 3233.11289      165.88559    4.31105 3233.00992      1.7884
  -75800    165.90265    4.28453 3233.11291      165.88533    4.31109 3233.00994      1.7908
  -75900    165.90241    4.28454 3233.11292      165.88507    4.31113 3233.00996      1.7931
  -76000    165.90217    4.28454 3233.11294      165.88480    4.31117 3233.00998      1.7955
  -76100    165.90193    4.28454 3233.11296      165.88454    4.31121 3233.01000      1.7978
  -76200    165.90169    4.28454 3233.11297      165.88428    4.31125 3233.01002      1.8002
  -76300    165.90144    4.28455 3233.11299      165.88401    4.31129 3233.01004      1.8025
  -76400    165.90120    4.28455 3233.11300      165.88375    4.31133 3233.01006      1.8049
  -76500    165.90096    4.28455 3233.11302      165.88349    4.31136 3233.01008      1.8072
  -76600    165.90072    4.28456 3233.11303      165.88322    4.31140 3233.01010      1.8096
  -76700    165.90048    4.28456 3233.11305      165.88296    4.31144 3233.01012      1.8120
  -76800    165.90024    4.28456 3233.11307      165.88270    4.31148 3233.01014      1.8143
  -76900    165.89999    4.28457 3233.11308      165.88243    4.31152 3233.01016      1.8167
  -77000    165.89975    4.28457 3233.11310      165.88217    4.31156 3233.01018      1.8190
  -77100    165.89951    4.28457 3233.11311      165.88191    4.31160 3233.01020      1.8214
  -77200    165.89927    4.28458 3233.11313      165.88164    4.31164 3233.01022      1.8237
  -77300    165.89903    4.28458 3233.11315      165.88138    4.31167 3233.01024      1.8261
  -77400    165.89879    4.28458 3233.11316      165.88111    4.31171 3233.01026      1.8284
  -77500    165.89854    4.28459 3233.11318      165.88085    4.31175 3233.01028      1.8308
  -77600    165.89830    4.28459 3233.11319      165.88059    4.31179 3233.01030      1.8331
  -77700    165.89806    4.28459 3233.11321      165.88032    4.31183 3233.01032      1.8355
  -77800    165.89782    4.28459 3233.11323      165.88006    4.31187 3233.01034      1.8378
  -77900    165.89758    4.28460 3233.11324      165.87980    4.31191 3233.01036      1.8402
  -78000    165.89734    4.28460 3233.11326      165.87953    4.31195 3233.01038      1.8425
  -78100    165.89709    4.28460 3233.11327      165.87927    4.31199 3233.01040      1.8449
  -78200    165.89685    4.28461 3233.11329      165.87901    4.31202 3233.01042      1.8472
  -78300    165.89661    4.28461 3233.11331      165.87874    4.31206 3233.01045      1.8496
  -78400    165.89637    4.28461 3233.11332      165.87848    4.31210 3233.01047      1.8519
  -78500    165.89613    4.28462 3233.11334      165.87822    4.31214 3233.01049      1.8543
  -78600    165.89588    4.28462 3233.11336      165.87795    4.31218 3233.01051      1.8566
  -78700    165.89564    4.28462 3233.11337      165.87769    4.31222 3233.01053      1.8590
  -78800    165.89540    4.28463 3233.11339      165.87743    4.31226 3233.01055      1.8613
  -78900    165.89516    4.28463 3233.11340      165.87716    4.31230 3233.01057      1.8637
  -79000    165.89492    4.28463 3233.11342      165.87690    4.31234 3233.01059      1.8661
  -79100    165.89468    4.28464 3233.11344      165.87664    4.31237 3233.01061      1.8684
  -79200    165.89443    4.28464 3233.11345      165.87637    4.31241 3233.01063      1.8708
  -79300    165.89419    4.28464 3233.11347      165.87611    4.31245 3233.01065      1.8731
  -79400    165.89395    4.28464 3233.11349      165.87585    4.31249 3233.01067      1.8755
  -79500    165.89371    4.28465 3233.11350      165.87558    4.31253 3233.01069      1.8778
  -79600    165.89347    4.28465 3233.11352      165.87532    4.31257 3233.01071      1.8802
  -79700    165.89323    4.28465 3233.11353      165.87506    4.31261 3233.01073      1.8825
  -79800    165.89298    4.28466 3233.11355      165.87479    4.31265 3233.01075      1.8849
  -79900    165.89274    4.28466 3233.11357      165.87453    4.31268 3233.01078      1.8872
  -80000    165.89250    4.28466 3233.11358      165.87427    4.31272 3233.01080      1.8896
  -80100    165.89226    4.28467 3233.11360      165.87400    4.31276 3233.01082      1.8919
  -80200    165.89202    4.28467 3233.11362      165.87374    4.31280 3233.01084      1.8943
  -80300    165.89178    4.28467 3233.11363      165.87348    4.31284 3233.01086      1.8966
  -80400    165.89153    4.28468 3233.11365      165.87321    4.31288 3233.01088      1.8990
  -80500    165.89129    4.28468 3233.11367      165.87295    4.31292 3233.01090      1.9013
  -80600    165.89105    4.28468 3233.11368      165.87269    4.31296 3233.01092      1.9037
  -80700    165.89081    4.28468 3233.11370      165.87242    4.31300 3233.01094      1.9060
  -80800    165.89057    4.28469 3233.11372      165.87216    4.31303 3233.01096      1.9084
  -80900    165.89033    4.28469 3233.11373      165.87190    4.31307 3233.01098      1.9107
  -81000    165.89008    4.28469 3233.11375      165.87163    4.31311 3233.01101      1.9131
  -81100    165.88984    4.28470 3233.11377      165.87137    4.31315 3233.01103      1.9155
  -81200    165.88960    4.28470 3233.11378      165.87111    4.31319 3233.01105      1.9178
  -81300    165.88936    4.28470 3233.11380      165.87084    4.31323 3233.01107      1.9202
  -81400    165.88912    4.28471 3233.11382      165.87058    4.31327 3233.01109      1.9225
  -81500    165.88888    4.28471 3233.11383      165.87031    4.31331 3233.01111      1.9249
  -81600    165.88863    4.28471 3233.11385      165.87005    4.31335 3233.01113      1.9272
  -81700    165.88839    4.28472 3233.11387      165.86979    4.31338 3233.01115      1.9296
  -81800    165.88815    4.28472 3233.11388      165.86952    4.31342 3233.01118      1.9319
  -81900    165.88791    4.28472 3233.11390      165.86926    4.31346 3233.01120      1.9343
  -82000    165.88767    4.28473 3233.11392      165.86900    4.31350 3233.01122      1.9366
  -82100    165.88742    4.28473 3233.11394      165.86873    4.31354 3233.01124      1.9390
  -82200    165.88718    4.28473 3233.11395      165.86847    4.31358 3233.01126      1.9413
  -82300    165.88694    4.28473 3233.11397      165.86821    4.31362 3233.01128      1.9437
  -82400    165.88670    4.28474 3233.11399      165.86794    4.31366 3233.01130      1.9460
  -82500    165.88646    4.28474 3233.11400      165.86768    4.31369 3233.01133      1.9484
  -82600    165.88622    4.28474 3233.11402      165.86742    4.31373 3233.01135      1.9507
  -82700    165.88597    4.28475 3233.11404      165.86715    4.31377 3233.01137      1.9531
  -82800    165.88573    4.28475 3233.11405      165.86689    4.31381 3233.01139      1.9555
  -82900    165.88549    4.28475 3233.11407      165.86663    4.31385 3233.01141      1.9578
  -83000    165.88525    4.28476 3233.11409      165.86636    4.31389 3233.01143      1.9602
  -83100    165.88501    4.28476 3233.11411      165.86610    4.31393 3233.01145      1.9625
  -83200    165.88477    4.28476 3233.11412      165.86584    4.31397 3233.01148      1.9649
  -83300    165.88452    4.28477 3233.11414      165.86557    4.31401 3233.01150      1.9672
  -83400    165.88428    4.28477 3233.11416      165.86531    4.31404 3233.01152      1.9696
  -83500    165.88404    4.28477 3233.11417      165.86505    4.31408 3233.01154      1.9719
  -83600    165.88380    4.28477 3233.11419      165.86478    4.31412 3233.01156      1.9743
  -83700    165.88356    4.28478 3233.11421      165.86452    4.31416 3233.01159      1.9766
  -83800    165.88332    4.28478 3233.11423      165.86426    4.31420 3233.01161      1.9790
  -83900    165.88307    4.28478 3233.11424      165.86399    4.31424 3233.01163      1.9813
  -84000    165.88283    4.28479 3233.11426      165.86373    4.31428 3233.01165      1.9837
  -84100    165.88259    4.28479 3233.11428      165.86347    4.31432 3233.01167      1.9860
  -84200    165.88235    4.28479 3233.11430      165.86320    4.31435 3233.01169      1.9884
  -84300    165.88211    4.28480 3233.11431      165.86294    4.31439 3233.01172      1.9907
  -84400    165.88187    4.28480 3233.11433      165.86268    4.31443 3233.01174      1.9931
  -84500    165.88162    4.28480 3233.11435      165.86241    4.31447 3233.01176      1.9955
  -84600    165.88138    4.28481 3233.11437      165.86215    4.31451 3233.01178      1.9978
  -84700    165.88114    4.28481 3233.11438      165.86189    4.31455 3233.01180      2.0002
  -84800    165.88090    4.28481 3233.11440      165.86162    4.31459 3233.01183      2.0025
  -84900    165.88066    4.28481 3233.11442      165.86136    4.31463 3233.01185      2.0049
  -85000    165.88042    4.28482 3233.11444      165.86110    4.31467 3233.01187      2.0072
  -85100    165.88017    4.28482 3233.11445      165.86083    4.31470 3233.01189      2.0096
  -85200    165.87993    4.28482 3233.11447      165.86057    4.31474 3233.01192      2.0119
  -85300    165.87969    4.28483 3233.11449      165.86031    4.31478 3233.01194      2.0143
  -85400    165.87945    4.28483 3233.11451      165.86004    4.31482 3233.01196      2.0166
  -85500    165.87921    4.28483 3233.11452      165.85978    4.31486 3233.01198      2.0190
  -85600    165.87896    4.28484 3233.11454      165.85952    4.31490 3233.01200      2.0213
  -85700    165.87872    4.28484 3233.11456      165.85925    4.31494 3233.01203      2.0237
  -85800    165.87848    4.28484 3233.11458      165.85899    4.31498 3233.01205      2.0260
  -85900    165.87824    4.28485 3233.11459      165.85872    4.31502 3233.01207      2.0284
  -86000    165.87800    4.28485 3233.11461      165.85846    4.31505 3233.01209      2.0307
  -86100    165.87776    4.28485 3233.11463      165.85820    4.31509 3233.01212      2.0331
  -86200    165.87751    4.28486 3233.11465      165.85793    4.31513 3233.01214      2.0355
  -86300    165.87727    4.28486 3233.11467      165.85767    4.31517 3233.01216      2.0378
  -86400    165.87703    4.28486 3233.11468      165.85741    4.31521 3233.01218      2.0402
  -86500    165.87679    4.28486 3233.11470      165.85714    4.31525 3233.01221      2.0425
  -86600    165.87655    4.28487 3233.11472      165.85688    4.31529 3233.01223      2.0449
  -86700    165.87631    4.28487 3233.11474      165.85662    4.31533 3233.01225      2.0472
  -86800    165.87606    4.28487 3233.11475      165.85635    4.31536 3233.01227      2.0496
  -86900    165.87582    4.28488 3233.11477      165.85609    4.31540 3233.01230      2.0519
  -87000    165.87558    4.28488 3233.11479      165.85583    4.31544 3233.01232      2.0543
  -87100    165.87534    4.28488 3233.11481      165.85556    4.31548 3233.01234      2.0566
  -87200    165.87510    4.28489 3233.11483      165.85530    4.31552 3233.01236      2.0590
  -87300    165.87486    4.28489 3233.11484      165.85504    4.31556 3233.01239      2.0613
  -87400    165.87461    4.28489 3233.11486      165.85477    4.31560 3233.01241      2.0637
  -87500    165.87437    4.28490 3233.11488      165.85451    4.31564 3233.01243      2.0660
  -87600    165.87413    4.28490 3233.11490      165.85425    4.31568 3233.01246      2.0684
  -87700    165.87389    4.28490 3233.11492      165.85398    4.31571 3233.01248      2.0708
  -87800    165.87365    4.28490 3233.11493      165.85372    4.31575 3233.01250      2.0731
  -87900    165.87341    4.28491 3233.11495      165.85346    4.31579 3233.01252      2.0755
  -88000    165.87316    4.28491 3233.11497      165.85319    4.31583 3233.01255      2.0778
  -88100    165.87292    4.28491 3233.11499      165.85293    4.31587 3233.01257      2.0802
  -88200    165.87268    4.28492 3233.11501      165.85267    4.31591 3233.01259      2.0825
  -88300    165.87244    4.28492 3233.11503      165.85240    4.31595 3233.01262      2.0849
  -88400    165.87220    4.28492 3233.11504      165.85214    4.31599 3233.01264      2.0872
  -88500    165.87196    4.28493 3233.11506      165.85188    4.31602 3233.01266      2.0896
  -88600    165.87171    4.28493 3233.11508      165.85161    4.31606 3233.01269      2.0919
  -88700    165.87147    4.28493 3233.11510      165.85135    4.31610 3233.01271      2.0943
  -88800    165.87123    4.28494 3233.11512      165.85109    4.31614 3233.01273      2.0966
  -88900    165.87099    4.28494 3233.11514      165.85082    4.31618 3233.01275      2.0990
  -89000    165.87075    4.28494 3233.11515      165.85056    4.31622 3233.01278      2.1013
  -89100    165.87051    4.28494 3233.11517      165.85030    4.31626 3233.01280      2.1037
  -89200    165.87026    4.28495 3233.11519      165.85003    4.31630 3233.01282      2.1061
  -89300    165.87002    4.28495 3233.11521      165.84977    4.31634 3233.01285      2.1084
  -89400    165.86978    4.28495 3233.11523      165.84951    4.31637 3233.01287      2.1108
  -89500    165.86954    4.28496 3233.11525      165.84924    4.31641 3233.01289      2.1131
  -89600    165.86930    4.28496 3233.11526      165.84898    4.31645 3233.01292      2.1155
  -89700    165.86905    4.28496 3233.11528      165.84872    4.31649 3233.01294      2.1178
  -89800    165.86881    4.28497 3233.11530      165.84845    4.31653 3233.01296      2.1202
  -89900    165.86857    4.28497 3233.11532      165.84819    4.31657 3233.01299      2.1225
  -90000    165.86833    4.28497 3233.11534      165.84793    4.31661 3233.01301      2.1249
  -90100    165.86809    4.28498 3233.11536      165.84766    4.31665 3233.01303      2.1272
  -90200    165.86785    4.28498 3233.11538      165.84740    4.31668 3233.01306      2.1296
  -90300    165.86760    4.28498 3233.11539      165.84714    4.31672 3233.01308      2.1319
  -90400    165.86736    4.28498 3233.11541      165.84687    4.31676 3233.01311      2.1343
  -90500    165.86712    4.28499 3233.11543      165.84661    4.31680 3233.01313      2.1366
  -90600    165.86688    4.28499 3233.11545      165.84634    4.31684 3233.01315      2.1390
  -90700    165.86664    4.28499 3233.11547      165.84608    4.31688 3233.01318      2.1414
  -90800    165.86640    4.28500 3233.11549      165.84582    4.31692 3233.01320      2.1437
  -90900    165.86615    4.28500 3233.11551      165.84555    4.31696 3233.01322      2.1461
  -91000    165.86591    4.28500 3233.11553      165.84529    4.31700 3233.01325      2.1484
  -91100    165.86567    4.28501 3233.11554      165.84503    4.31703 3233.01327      2.1508
  -91200    165.86543    4.28501 3233.11556      165.84476    4.31707 3233.01329      2.1531
  -91300    165.86519    4.28501 3233.11558      165.84450    4.31711 3233.01332      2.1555
  -91400    165.86495    4.28502 3233.11560      165.84424    4.31715 3233.01334      2.1578
  -91500    165.86470    4.28502 3233.11562      165.84397    4.31719 3233.01337      2.1602
  -91600    165.86446    4.28502 3233.11564      165.84371    4.31723 3233.01339      2.1625
  -91700    165.86422    4.28502 3233.11566      165.84345    4.31727 3233.01341      2.1649
  -91800    165.86398    4.28503 3233.11568      165.84318    4.31731 3233.01344      2.1672
  -91900    165.86374    4.28503 3233.11569      165.84292    4.31734 3233.01346      2.1696
  -92000    165.86350    4.28503 3233.11571      165.84266    4.31738 3233.01349      2.1720
  -92100    165.86325    4.28504 3233.11573      165.84239    4.31742 3233.01351      2.1743
  -92200    165.86301    4.28504 3233.11575      165.84213    4.31746 3233.01353      2.1767
  -92300    165.86277    4.28504 3233.11577      165.84187    4.31750 3233.01356      2.1790
  -92400    165.86253    4.28505 3233.11579      165.84160    4.31754 3233.01358      2.1814
  -92500    165.86229    4.28505 3233.11581      165.84134    4.31758 3233.01361      2.1837
  -92600    165.86205    4.28505 3233.11583      165.84108    4.31762 3233.01363      2.1861
  -92700    165.86180    4.28506 3233.11585      165.84081    4.31766 3233.01365      2.1884
  -92800    165.86156    4.28506 3233.11587      165.84055    4.31769 3233.01368      2.1908
  -92900    165.86132    4.28506 3233.11589      165.84029    4.31773 3233.01370      2.1931
  -93000    165.86108    4.28507 3233.11590      165.84002    4.31777 3233.01373      2.1955
  -93100    165.86084    4.28507 3233.11592      165.83976    4.31781 3233.01375      2.1978
  -93200    165.86060    4.28507 3233.11594      165.83950    4.31785 3233.01378      2.2002
  -93300    165.86035    4.28507 3233.11596      165.83923    4.31789 3233.01380      2.2025
  -93400    165.86011    4.28508 3233.11598      165.83897    4.31793 3233.01382      2.2049
  -93500    165.85987    4.28508 3233.11600      165.83871    4.31797 3233.01385      2.2073
  -93600    165.85963    4.28508 3233.11602      165.83844    4.31800 3233.01387      2.2096
  -93700    165.85939    4.28509 3233.11604      165.83818    4.31804 3233.01390      2.2120
  -93800    165.85915    4.28509 3233.11606      165.83792    4.31808 3233.01392      2.2143
  -93900    165.85890    4.28509 3233.11608      165.83765    4.31812 3233.01395      2.2167
  -94000    165.85866    4.28510 3233.11610      165.83739    4.31816 3233.01397      2.2190
  -94100    165.85842    4.28510 3233.11612      165.83713    4.31820 3233.01399      2.2214
  -94200    165.85818    4.28510 3233.11614      165.83686    4.31824 3233.01402      2.2237
  -94300    165.85794    4.28511 3233.11616      165.83660    4.31828 3233.01404      2.2261
  -94400    165.85770    4.28511 3233.11618      165.83634    4.31831 3233.01407      2.2284
  -94500    165.85745    4.28511 3233.11619      165.83607    4.31835 3233.01409      2.2308
  -94600    165.85721    4.28511 3233.11621      165.83581    4.31839 3233.01412      2.2331
  -94700    165.85697    4.28512 3233.11623      165.83555    4.31843 3233.01414      2.2355
  -94800    165.85673    4.28512 3233.11625      165.83528    4.31847 3233.01417      2.2379
  -94900    165.85649    4.28512 3233.11627      165.83502    4.31851 3233.01419      2.2402
  -95000    165.85624    4.28513 3233.11629      165.83476    4.31855 3233.01422      2.2426
  -95100    165.85600    4.28513 3233.11631      165.83449    4.31859 3233.01424      2.2449
  -95200    165.85576    4.28513 3233.11633      165.83423    4.31863 3233.01427      2.2473
  -95300    165.85552    4.28514 3233.11635      165.83397    4.31866 3233.01429      2.2496
  -95400    165.85528    4.28514 3233.11637      165.83370    4.31870 3233.01432      2.2520
  -95500    165.85504    4.28514 3233.11639      165.83344    4.31874 3233.01434      2.2543
  -95600    165.85479    4.28514 3233.11641      165.83318    4.31878 3233.01437      2.2567
  -95700    165.85455    4.28515 3233.11643      165.83291    4.31882 3233.01439      2.2590
  -95800    165.85431    4.28515 3233.11645      165.83265    4.31886 3233.01442      2.2614
  -95900    165.85407    4.28515 3233.11647      165.83239    4.31890 3233.01444      2.2637
  -96000    165.85383    4.28516 3233.11649      165.83212    4.31894 3233.01447      2.2661
  -96100    165.85359    4.28516 3233.11651      165.83186    4.31897 3233.01449      2.2685
  -96200    165.85334    4.28516 3233.11653      165.83159    4.31901 3233.01452      2.2708
  -96300    165.85310    4.28517 3233.11655      165.83133    4.31905 3233.01454      2.2732
  -96400    165.85286    4.28517 3233.11657      165.83107    4.31909 3233.01457      2.2755
  -96500    165.85262    4.28517 3233.11659      165.83080    4.31913 3233.01459      2.2779
  -96600    165.85238    4.28518 3233.11661      165.83054    4.31917 3233.01462      2.2802
  -96700    165.85214    4.28518 3233.11663      165.83028    4.31921 3233.01464      2.2826
  -96800    165.85189    4.28518 3233.11665      165.83001    4.31925 3233.01467      2.2849
  -96900    165.85165    4.28518 3233.11667      165.82975    4.31929 3233.01469      2.2873
  -97000    165.85141    4.28519 3233.11669      165.82949    4.31932 3233.01472      2.2896
  -97100    165.85117    4.28519 3233.11671      165.82922    4.31936 3233.01474      2.2920
  -97200    165.85093    4.28519 3233.11673      165.82896    4.31940 3233.01477      2.2943
  -97300    165.85069    4.28520 3233.11675      165.82870    4.31944 3233.01479      2.2967
  -97400    165.85044    4.28520 3233.11677      165.82843    4.31948 3233.01482      2.2991
  -97500    165.85020    4.28520 3233.11679      165.82817    4.31952 3233.01484      2.3014
  -97600    165.84996    4.28521 3233.11681      165.82791    4.31956 3233.01487      2.3038
  -97700    165.84972    4.28521 3233.11683      165.82764    4.31960 3233.01489      2.3061
  -97800    165.84948    4.28521 3233.11685      165.82738    4.31963 3233.01492      2.3085
  -97900    165.84924    4.28522 3233.11687      165.82712    4.31967 3233.01495      2.3108
  -98000    165.84899    4.28522 3233.11689      165.82685    4.31971 3233.01497      2.3132
  -98100    165.84875    4.28522 3233.11691      165.82659    4.31975 3233.01500      2.3155
  -98200    165.84851    4.28522 3233.11693      165.82633    4.31979 3233.01502      2.3179
  -98300    165.84827    4.28523 3233.11695      165.82606    4.31983 3233.01505      2.3202
  -98400    165.84803    4.28523 3233.11697      165.82580    4.31987 3233.01507      2.3226
  -98500    165.84779    4.28523 3233.11699      165.82554    4.31991 3233.01510      2.3250
  -98600    165.84754    4.28524 3233.11701      165.82527    4.31994 3233.01512      2.3273
  -98700    165.84730    4.28524 3233.11703      165.82501    4.31998 3233.01515      2.3297
  -98800    165.84706    4.28524 3233.11705      165.82475    4.32002 3233.01518      2.3320
  -98900    165.84682    4.28525 3233.11707      165.82448    4.32006 3233.01520      2.3344
  -99000    165.84658    4.28525 3233.11709      165.82422    4.32010 3233.01523      2.3367
  -99100    165.84634    4.28525 3233.11711      165.82396    4.32014 3233.01525      2.3391
  -99200    165.84609    4.28526 3233.11713      165.82369    4.32018 3233.01528      2.3414
  -99300    165.84585    4.28526 3233.11715      165.82343    4.32022 3233.01530      2.3438
  -99400    165.84561    4.28526 3233.11718      165.82317    4.32026 3233.01533      2.3461
  -99500    165.84537    4.28526 3233.11720      165.82290    4.32029 3233.01536      2.3485
  -99600    165.84513    4.28527 3233.11722      165.82264    4.32033 3233.01538      2.3508
  -99700    165.84489    4.28527 3233.11724      165.82238    4.32037 3233.01541      2.3532
  -99800    165.84464    4.28527 3233.11726      165.82211    4.32041 3233.01543      2.3556
  -99900    165.84440    4.28528 3233.11728      165.82185    4.32045 3233.01546      2.3579
