
# Values from file "two_trace/input.tsv", line #4:

# CoordType = 1
# α         = 5h 26m 29.249000s
# δ         = 42° 56′ 10.497000″
# π         = (0.31784 ± 0) mas (3,146, 3,146…3,146 pc)
# RV        = (0 ± 0) km/s
# µ_α*      = (0.68139 ± 0) mas/yr
# µ_δ       = (-3.87663 ± 0) mas/yr
# ID        = 0.0
# Comment   = 

# Values from file "two_trace/input.tsv", line #5:

# CoordType = 1
# α         = 5h 26m 29.249000s
# δ         = 42° 56′ 10.497000″
# π         = (0.31784 ± 0) mas (3,146, 3,146…3,146 pc)
# RV        = (0 ± 0) km/s
# µ_α*      = (0.9595 ± 0) mas/yr
# µ_δ       = (-3.94095 ± 0) mas/yr
# ID        = 0.0
# Comment   = 

# Columns:     Time Long1 Lat1 Dist1  ...
# ColumnUnits: year degree degree parsec degree degree parsec parsec

       0    166.11239    4.27749 3146.23710      166.11239    4.27749 3146.23710      0.0000
    -100    166.11213    4.27753 3146.23710      166.11212    4.27753 3146.23710      0.0004
    -200    166.11187    4.27758 3146.23710      166.11186    4.27756 3146.23710      0.0009
    -300    166.11161    4.27762 3146.23710      166.11159    4.27760 3146.23710      0.0013
    -400    166.11135    4.27766 3146.23710      166.11133    4.27764 3146.23710      0.0017
    -500    166.11109    4.27771 3146.23710      166.11106    4.27768 3146.23710      0.0022
    -600    166.11083    4.27775 3146.23710      166.11079    4.27772 3146.23710      0.0026
    -700    166.11057    4.27780 3146.23710      166.11053    4.27776 3146.23710      0.0030
    -800    166.11031    4.27784 3146.23710      166.11026    4.27780 3146.23710      0.0035
    -900    166.11005    4.27788 3146.23710      166.11000    4.27783 3146.23710      0.0039
   -1000    166.10979    4.27793 3146.23710      166.10973    4.27787 3146.23710      0.0044
   -1100    166.10953    4.27797 3146.23710      166.10947    4.27791 3146.23710      0.0048
   -1200    166.10927    4.27802 3146.23710      166.10920    4.27795 3146.23710      0.0052
   -1300    166.10901    4.27806 3146.23710      166.10893    4.27799 3146.23710      0.0057
   -1400    166.10875    4.27810 3146.23710      166.10867    4.27803 3146.23710      0.0061
   -1500    166.10849    4.27815 3146.23710      166.10840    4.27807 3146.23710      0.0065
   -1600    166.10823    4.27819 3146.23710      166.10814    4.27810 3146.23710      0.0070
   -1700    166.10797    4.27824 3146.23710      166.10787    4.27814 3146.23710      0.0074
   -1800    166.10771    4.27828 3146.23710      166.10760    4.27818 3146.23710      0.0078
   -1900    166.10745    4.27832 3146.23710      166.10734    4.27822 3146.23710      0.0083
   -2000    166.10719    4.27837 3146.23710      166.10707    4.27826 3146.23710      0.0087
   -2100    166.10693    4.27841 3146.23710      166.10681    4.27830 3146.23710      0.0091
   -2200    166.10667    4.27846 3146.23710      166.10654    4.27834 3146.23710      0.0096
   -2300    166.10641    4.27850 3146.23710      166.10628    4.27837 3146.23710      0.0100
   -2400    166.10615    4.27854 3146.23710      166.10601    4.27841 3146.23710      0.0105
   -2500    166.10589    4.27859 3146.23711      166.10574    4.27845 3146.23711      0.0109
   -2600    166.10563    4.27863 3146.23711      166.10548    4.27849 3146.23711      0.0113
   -2700    166.10537    4.27868 3146.23711      166.10521    4.27853 3146.23711      0.0118
   -2800    166.10511    4.27872 3146.23711      166.10495    4.27857 3146.23711      0.0122
   -2900    166.10485    4.27876 3146.23711      166.10468    4.27861 3146.23711      0.0126
   -3000    166.10459    4.27881 3146.23711      166.10441    4.27864 3146.23711      0.0131
   -3100    166.10433    4.27885 3146.23711      166.10415    4.27868 3146.23711      0.0135
   -3200    166.10407    4.27890 3146.23711      166.10388    4.27872 3146.23711      0.0139
   -3300    166.10381    4.27894 3146.23711      166.10362    4.27876 3146.23711      0.0144
   -3400    166.10355    4.27898 3146.23711      166.10335    4.27880 3146.23711      0.0148
   -3500    166.10329    4.27903 3146.23711      166.10309    4.27884 3146.23711      0.0152
   -3600    166.10303    4.27907 3146.23711      166.10282    4.27888 3146.23711      0.0157
   -3700    166.10277    4.27912 3146.23711      166.10255    4.27891 3146.23711      0.0161
   -3800    166.10251    4.27916 3146.23711      166.10229    4.27895 3146.23711      0.0165
   -3900    166.10225    4.27920 3146.23711      166.10202    4.27899 3146.23711      0.0170
   -4000    166.10199    4.27925 3146.23711      166.10176    4.27903 3146.23711      0.0174
   -4100    166.10173    4.27929 3146.23711      166.10149    4.27907 3146.23711      0.0179
   -4200    166.10147    4.27934 3146.23711      166.10122    4.27911 3146.23711      0.0183
   -4300    166.10121    4.27938 3146.23711      166.10096    4.27915 3146.23711      0.0187
   -4400    166.10095    4.27942 3146.23711      166.10069    4.27918 3146.23712      0.0192
   -4500    166.10069    4.27947 3146.23712      166.10043    4.27922 3146.23712      0.0196
   -4600    166.10043    4.27951 3146.23712      166.10016    4.27926 3146.23712      0.0200
   -4700    166.10017    4.27956 3146.23712      166.09990    4.27930 3146.23712      0.0205
   -4800    166.09991    4.27960 3146.23712      166.09963    4.27934 3146.23712      0.0209
   -4900    166.09965    4.27964 3146.23712      166.09936    4.27938 3146.23712      0.0213
   -5000    166.09939    4.27969 3146.23712      166.09910    4.27942 3146.23712      0.0218
   -5100    166.09913    4.27973 3146.23712      166.09883    4.27945 3146.23712      0.0222
   -5200    166.09887    4.27978 3146.23712      166.09857    4.27949 3146.23712      0.0226
   -5300    166.09861    4.27982 3146.23712      166.09830    4.27953 3146.23712      0.0231
   -5400    166.09835    4.27986 3146.23712      166.09804    4.27957 3146.23712      0.0235
   -5500    166.09809    4.27991 3146.23712      166.09777    4.27961 3146.23712      0.0239
   -5600    166.09783    4.27995 3146.23712      166.09750    4.27965 3146.23712      0.0244
   -5700    166.09757    4.28000 3146.23712      166.09724    4.27969 3146.23713      0.0248
   -5800    166.09731    4.28004 3146.23712      166.09697    4.27972 3146.23713      0.0253
   -5900    166.09705    4.28008 3146.23713      166.09671    4.27976 3146.23713      0.0257
   -6000    166.09679    4.28013 3146.23713      166.09644    4.27980 3146.23713      0.0261
   -6100    166.09653    4.28017 3146.23713      166.09617    4.27984 3146.23713      0.0266
   -6200    166.09627    4.28022 3146.23713      166.09591    4.27988 3146.23713      0.0270
   -6300    166.09601    4.28026 3146.23713      166.09564    4.27992 3146.23713      0.0274
   -6400    166.09575    4.28030 3146.23713      166.09538    4.27996 3146.23713      0.0279
   -6500    166.09549    4.28035 3146.23713      166.09511    4.27999 3146.23713      0.0283
   -6600    166.09523    4.28039 3146.23713      166.09485    4.28003 3146.23713      0.0287
   -6700    166.09497    4.28044 3146.23713      166.09458    4.28007 3146.23714      0.0292
   -6800    166.09471    4.28048 3146.23714      166.09431    4.28011 3146.23714      0.0296
   -6900    166.09445    4.28052 3146.23714      166.09405    4.28015 3146.23714      0.0300
   -7000    166.09419    4.28057 3146.23714      166.09378    4.28019 3146.23714      0.0305
   -7100    166.09393    4.28061 3146.23714      166.09352    4.28023 3146.23714      0.0309
   -7200    166.09367    4.28066 3146.23714      166.09325    4.28026 3146.23714      0.0314
   -7300    166.09341    4.28070 3146.23714      166.09298    4.28030 3146.23714      0.0318
   -7400    166.09315    4.28074 3146.23714      166.09272    4.28034 3146.23715      0.0322
   -7500    166.09289    4.28079 3146.23715      166.09245    4.28038 3146.23715      0.0327
   -7600    166.09263    4.28083 3146.23715      166.09219    4.28042 3146.23715      0.0331
   -7700    166.09237    4.28088 3146.23715      166.09192    4.28046 3146.23715      0.0335
   -7800    166.09211    4.28092 3146.23715      166.09166    4.28050 3146.23715      0.0340
   -7900    166.09185    4.28096 3146.23715      166.09139    4.28053 3146.23715      0.0344
   -8000    166.09159    4.28101 3146.23715      166.09112    4.28057 3146.23716      0.0348
   -8100    166.09133    4.28105 3146.23716      166.09086    4.28061 3146.23716      0.0353
   -8200    166.09107    4.28110 3146.23716      166.09059    4.28065 3146.23716      0.0357
   -8300    166.09081    4.28114 3146.23716      166.09033    4.28069 3146.23716      0.0361
   -8400    166.09055    4.28118 3146.23716      166.09006    4.28073 3146.23716      0.0366
   -8500    166.09029    4.28123 3146.23716      166.08980    4.28077 3146.23717      0.0370
   -8600    166.09003    4.28127 3146.23716      166.08953    4.28080 3146.23717      0.0374
   -8700    166.08977    4.28132 3146.23717      166.08926    4.28084 3146.23717      0.0379
   -8800    166.08951    4.28136 3146.23717      166.08900    4.28088 3146.23717      0.0383
   -8900    166.08925    4.28140 3146.23717      166.08873    4.28092 3146.23717      0.0388
   -9000    166.08899    4.28145 3146.23717      166.08847    4.28096 3146.23717      0.0392
   -9100    166.08873    4.28149 3146.23717      166.08820    4.28100 3146.23718      0.0396
   -9200    166.08847    4.28154 3146.23718      166.08793    4.28104 3146.23718      0.0401
   -9300    166.08821    4.28158 3146.23718      166.08767    4.28107 3146.23718      0.0405
   -9400    166.08795    4.28162 3146.23718      166.08740    4.28111 3146.23718      0.0409
   -9500    166.08769    4.28167 3146.23718      166.08714    4.28115 3146.23719      0.0414
   -9600    166.08743    4.28171 3146.23718      166.08687    4.28119 3146.23719      0.0418
   -9700    166.08717    4.28176 3146.23719      166.08661    4.28123 3146.23719      0.0422
   -9800    166.08691    4.28180 3146.23719      166.08634    4.28127 3146.23719      0.0427
   -9900    166.08665    4.28184 3146.23719      166.08607    4.28131 3146.23719      0.0431
  -10000    166.08639    4.28189 3146.23719      166.08581    4.28134 3146.23720      0.0435
  -10100    166.08613    4.28193 3146.23719      166.08554    4.28138 3146.23720      0.0440
  -10200    166.08587    4.28198 3146.23720      166.08528    4.28142 3146.23720      0.0444
  -10300    166.08561    4.28202 3146.23720      166.08501    4.28146 3146.23720      0.0448
  -10400    166.08535    4.28206 3146.23720      166.08475    4.28150 3146.23721      0.0453
  -10500    166.08509    4.28211 3146.23720      166.08448    4.28154 3146.23721      0.0457
  -10600    166.08483    4.28215 3146.23721      166.08421    4.28158 3146.23721      0.0462
  -10700    166.08457    4.28220 3146.23721      166.08395    4.28161 3146.23721      0.0466
  -10800    166.08431    4.28224 3146.23721      166.08368    4.28165 3146.23721      0.0470
  -10900    166.08405    4.28228 3146.23721      166.08342    4.28169 3146.23722      0.0475
  -11000    166.08379    4.28233 3146.23722      166.08315    4.28173 3146.23722      0.0479
  -11100    166.08353    4.28237 3146.23722      166.08288    4.28177 3146.23722      0.0483
  -11200    166.08327    4.28242 3146.23722      166.08262    4.28181 3146.23722      0.0488
  -11300    166.08301    4.28246 3146.23722      166.08235    4.28185 3146.23723      0.0492
  -11400    166.08275    4.28250 3146.23723      166.08209    4.28188 3146.23723      0.0496
  -11500    166.08249    4.28255 3146.23723      166.08182    4.28192 3146.23723      0.0501
  -11600    166.08223    4.28259 3146.23723      166.08156    4.28196 3146.23724      0.0505
  -11700    166.08197    4.28264 3146.23723      166.08129    4.28200 3146.23724      0.0509
  -11800    166.08171    4.28268 3146.23724      166.08102    4.28204 3146.23724      0.0514
  -11900    166.08145    4.28272 3146.23724      166.08076    4.28208 3146.23724      0.0518
  -12000    166.08119    4.28277 3146.23724      166.08049    4.28212 3146.23725      0.0523
  -12100    166.08093    4.28281 3146.23724      166.08023    4.28215 3146.23725      0.0527
  -12200    166.08067    4.28286 3146.23725      166.07996    4.28219 3146.23725      0.0531
  -12300    166.08041    4.28290 3146.23725      166.07969    4.28223 3146.23725      0.0536
  -12400    166.08015    4.28294 3146.23725      166.07943    4.28227 3146.23726      0.0540
  -12500    166.07989    4.28299 3146.23725      166.07916    4.28231 3146.23726      0.0544
  -12600    166.07963    4.28303 3146.23726      166.07890    4.28235 3146.23726      0.0549
  -12700    166.07937    4.28308 3146.23726      166.07863    4.28239 3146.23727      0.0553
  -12800    166.07911    4.28312 3146.23726      166.07837    4.28242 3146.23727      0.0557
  -12900    166.07885    4.28316 3146.23727      166.07810    4.28246 3146.23727      0.0562
  -13000    166.07859    4.28321 3146.23727      166.07783    4.28250 3146.23728      0.0566
  -13100    166.07833    4.28325 3146.23727      166.07757    4.28254 3146.23728      0.0570
  -13200    166.07807    4.28330 3146.23728      166.07730    4.28258 3146.23728      0.0575
  -13300    166.07781    4.28334 3146.23728      166.07704    4.28262 3146.23729      0.0579
  -13400    166.07755    4.28338 3146.23728      166.07677    4.28266 3146.23729      0.0583
  -13500    166.07729    4.28343 3146.23729      166.07651    4.28269 3146.23729      0.0588
  -13600    166.07703    4.28347 3146.23729      166.07624    4.28273 3146.23730      0.0592
  -13700    166.07677    4.28352 3146.23729      166.07597    4.28277 3146.23730      0.0597
  -13800    166.07651    4.28356 3146.23730      166.07571    4.28281 3146.23730      0.0601
  -13900    166.07625    4.28360 3146.23730      166.07544    4.28285 3146.23731      0.0605
  -14000    166.07599    4.28365 3146.23730      166.07518    4.28289 3146.23731      0.0610
  -14100    166.07573    4.28369 3146.23731      166.07491    4.28293 3146.23731      0.0614
  -14200    166.07547    4.28374 3146.23731      166.07464    4.28296 3146.23732      0.0618
  -14300    166.07521    4.28378 3146.23731      166.07438    4.28300 3146.23732      0.0623
  -14400    166.07495    4.28382 3146.23732      166.07411    4.28304 3146.23732      0.0627
  -14500    166.07469    4.28387 3146.23732      166.07385    4.28308 3146.23733      0.0631
  -14600    166.07443    4.28391 3146.23733      166.07358    4.28312 3146.23734      0.0636
  -14700    166.07417    4.28396 3146.23733      166.07332    4.28316 3146.23734      0.0640
  -14800    166.07391    4.28400 3146.23733      166.07305    4.28320 3146.23734      0.0644
  -14900    166.07365    4.28404 3146.23734      166.07278    4.28323 3146.23735      0.0649
  -15000    166.07339    4.28409 3146.23734      166.07252    4.28327 3146.23735      0.0653
  -15100    166.07313    4.28413 3146.23735      166.07225    4.28331 3146.23735      0.0657
  -15200    166.07287    4.28418 3146.23735      166.07199    4.28335 3146.23736      0.0662
  -15300    166.07261    4.28422 3146.23735      166.07172    4.28339 3146.23736      0.0666
  -15400    166.07235    4.28426 3146.23736      166.07146    4.28343 3146.23736      0.0671
  -15500    166.07209    4.28431 3146.23736      166.07119    4.28346 3146.23737      0.0675
  -15600    166.07183    4.28435 3146.23736      166.07092    4.28350 3146.23737      0.0679
  -15700    166.07157    4.28440 3146.23737      166.07066    4.28354 3146.23738      0.0684
  -15800    166.07131    4.28444 3146.23737      166.07039    4.28358 3146.23738      0.0688
  -15900    166.07105    4.28448 3146.23738      166.07013    4.28362 3146.23738      0.0692
  -16000    166.07079    4.28453 3146.23738      166.06986    4.28366 3146.23739      0.0697
  -16100    166.07053    4.28457 3146.23738      166.06959    4.28370 3146.23739      0.0701
  -16200    166.07027    4.28462 3146.23739      166.06933    4.28373 3146.23740      0.0705
  -16300    166.07001    4.28466 3146.23739      166.06906    4.28377 3146.23740      0.0710
  -16400    166.06975    4.28470 3146.23739      166.06880    4.28381 3146.23740      0.0714
  -16500    166.06949    4.28475 3146.23740      166.06853    4.28385 3146.23741      0.0718
  -16600    166.06923    4.28479 3146.23740      166.06827    4.28389 3146.23741      0.0723
  -16700    166.06897    4.28484 3146.23741      166.06800    4.28393 3146.23742      0.0727
  -16800    166.06871    4.28488 3146.23741      166.06773    4.28397 3146.23742      0.0732
  -16900    166.06845    4.28492 3146.23741      166.06747    4.28400 3146.23742      0.0736
  -17000    166.06819    4.28497 3146.23742      166.06720    4.28404 3146.23743      0.0740
  -17100    166.06793    4.28501 3146.23742      166.06694    4.28408 3146.23743      0.0745
  -17200    166.06767    4.28506 3146.23743      166.06667    4.28412 3146.23744      0.0749
  -17300    166.06741    4.28510 3146.23743      166.06641    4.28416 3146.23744      0.0753
  -17400    166.06715    4.28514 3146.23744      166.06614    4.28420 3146.23745      0.0758
  -17500    166.06689    4.28519 3146.23744      166.06587    4.28424 3146.23745      0.0762
  -17600    166.06663    4.28523 3146.23744      166.06561    4.28427 3146.23745      0.0766
  -17700    166.06637    4.28527 3146.23745      166.06534    4.28431 3146.23746      0.0771
  -17800    166.06611    4.28532 3146.23746      166.06508    4.28435 3146.23747      0.0775
  -17900    166.06585    4.28536 3146.23746      166.06481    4.28439 3146.23747      0.0779
  -18000    166.06559    4.28541 3146.23747      166.06454    4.28443 3146.23748      0.0784
  -18100    166.06533    4.28545 3146.23747      166.06428    4.28447 3146.23748      0.0788
  -18200    166.06507    4.28549 3146.23748      166.06401    4.28451 3146.23749      0.0792
  -18300    166.06481    4.28554 3146.23748      166.06375    4.28454 3146.23749      0.0797
  -18400    166.06455    4.28558 3146.23748      166.06348    4.28458 3146.23750      0.0801
  -18500    166.06429    4.28563 3146.23749      166.06322    4.28462 3146.23750      0.0806
  -18600    166.06403    4.28567 3146.23749      166.06295    4.28466 3146.23751      0.0810
  -18700    166.06377    4.28571 3146.23750      166.06268    4.28470 3146.23751      0.0814
  -18800    166.06351    4.28576 3146.23750      166.06242    4.28474 3146.23752      0.0819
  -18900    166.06325    4.28580 3146.23751      166.06215    4.28478 3146.23752      0.0823
  -19000    166.06299    4.28585 3146.23751      166.06189    4.28481 3146.23752      0.0827
  -19100    166.06273    4.28589 3146.23752      166.06162    4.28485 3146.23753      0.0832
  -19200    166.06247    4.28593 3146.23752      166.06136    4.28489 3146.23753      0.0836
  -19300    166.06221    4.28598 3146.23753      166.06109    4.28493 3146.23754      0.0840
  -19400    166.06195    4.28602 3146.23753      166.06082    4.28497 3146.23754      0.0845
  -19500    166.06169    4.28607 3146.23754      166.06056    4.28501 3146.23755      0.0849
  -19600    166.06143    4.28611 3146.23754      166.06029    4.28505 3146.23755      0.0853
  -19700    166.06117    4.28615 3146.23755      166.06003    4.28508 3146.23756      0.0858
  -19800    166.06091    4.28620 3146.23755      166.05976    4.28512 3146.23756      0.0862
  -19900    166.06065    4.28624 3146.23756      166.05949    4.28516 3146.23757      0.0866
  -20000    166.06039    4.28629 3146.23756      166.05923    4.28520 3146.23757      0.0871
  -20100    166.06013    4.28633 3146.23756      166.05896    4.28524 3146.23758      0.0875
  -20200    166.05987    4.28637 3146.23757      166.05870    4.28528 3146.23758      0.0880
  -20300    166.05961    4.28642 3146.23757      166.05843    4.28532 3146.23759      0.0884
  -20400    166.05935    4.28646 3146.23758      166.05817    4.28535 3146.23759      0.0888
  -20500    166.05909    4.28651 3146.23759      166.05790    4.28539 3146.23760      0.0893
  -20600    166.05883    4.28655 3146.23759      166.05763    4.28543 3146.23761      0.0897
  -20700    166.05857    4.28659 3146.23760      166.05737    4.28547 3146.23761      0.0901
  -20800    166.05831    4.28664 3146.23760      166.05710    4.28551 3146.23762      0.0906
  -20900    166.05805    4.28668 3146.23761      166.05684    4.28555 3146.23762      0.0910
  -21000    166.05779    4.28673 3146.23761      166.05657    4.28558 3146.23763      0.0914
  -21100    166.05753    4.28677 3146.23762      166.05631    4.28562 3146.23763      0.0919
  -21200    166.05727    4.28681 3146.23762      166.05604    4.28566 3146.23764      0.0923
  -21300    166.05701    4.28686 3146.23763      166.05577    4.28570 3146.23764      0.0927
  -21400    166.05675    4.28690 3146.23763      166.05551    4.28574 3146.23765      0.0932
  -21500    166.05649    4.28695 3146.23764      166.05524    4.28578 3146.23765      0.0936
  -21600    166.05623    4.28699 3146.23764      166.05498    4.28582 3146.23766      0.0941
  -21700    166.05597    4.28703 3146.23765      166.05471    4.28585 3146.23767      0.0945
  -21800    166.05571    4.28708 3146.23765      166.05445    4.28589 3146.23767      0.0949
  -21900    166.05545    4.28712 3146.23766      166.05418    4.28593 3146.23768      0.0954
  -22000    166.05519    4.28717 3146.23767      166.05391    4.28597 3146.23768      0.0958
  -22100    166.05493    4.28721 3146.23767      166.05365    4.28601 3146.23769      0.0962
  -22200    166.05467    4.28725 3146.23768      166.05338    4.28605 3146.23769      0.0967
  -22300    166.05441    4.28730 3146.23768      166.05312    4.28609 3146.23770      0.0971
  -22400    166.05415    4.28734 3146.23769      166.05285    4.28612 3146.23771      0.0975
  -22500    166.05389    4.28739 3146.23769      166.05258    4.28616 3146.23771      0.0980
  -22600    166.05363    4.28743 3146.23770      166.05232    4.28620 3146.23772      0.0984
  -22700    166.05337    4.28747 3146.23770      166.05205    4.28624 3146.23772      0.0988
  -22800    166.05311    4.28752 3146.23771      166.05179    4.28628 3146.23773      0.0993
  -22900    166.05285    4.28756 3146.23772      166.05152    4.28632 3146.23773      0.0997
  -23000    166.05259    4.28761 3146.23772      166.05126    4.28636 3146.23774      0.1001
  -23100    166.05233    4.28765 3146.23773      166.05099    4.28639 3146.23775      0.1006
  -23200    166.05207    4.28769 3146.23773      166.05072    4.28643 3146.23775      0.1010
  -23300    166.05181    4.28774 3146.23774      166.05046    4.28647 3146.23776      0.1015
  -23400    166.05155    4.28778 3146.23775      166.05019    4.28651 3146.23776      0.1019
  -23500    166.05129    4.28783 3146.23775      166.04993    4.28655 3146.23777      0.1023
  -23600    166.05103    4.28787 3146.23776      166.04966    4.28659 3146.23778      0.1028
  -23700    166.05077    4.28791 3146.23776      166.04940    4.28663 3146.23778      0.1032
  -23800    166.05051    4.28796 3146.23777      166.04913    4.28666 3146.23779      0.1036
  -23900    166.05025    4.28800 3146.23778      166.04886    4.28670 3146.23780      0.1041
  -24000    166.04999    4.28805 3146.23778      166.04860    4.28674 3146.23780      0.1045
  -24100    166.04973    4.28809 3146.23779      166.04833    4.28678 3146.23781      0.1049
  -24200    166.04947    4.28813 3146.23780      166.04807    4.28682 3146.23782      0.1054
  -24300    166.04921    4.28818 3146.23780      166.04780    4.28686 3146.23782      0.1058
  -24400    166.04895    4.28822 3146.23781      166.04753    4.28689 3146.23783      0.1062
  -24500    166.04869    4.28827 3146.23781      166.04727    4.28693 3146.23783      0.1067
  -24600    166.04843    4.28831 3146.23782      166.04700    4.28697 3146.23784      0.1071
  -24700    166.04817    4.28835 3146.23783      166.04674    4.28701 3146.23785      0.1075
  -24800    166.04791    4.28840 3146.23783      166.04647    4.28705 3146.23785      0.1080
  -24900    166.04765    4.28844 3146.23784      166.04621    4.28709 3146.23786      0.1084
  -25000    166.04739    4.28848 3146.23784      166.04594    4.28713 3146.23787      0.1089
  -25100    166.04713    4.28853 3146.23785      166.04567    4.28716 3146.23787      0.1093
  -25200    166.04687    4.28857 3146.23786      166.04541    4.28720 3146.23788      0.1097
  -25300    166.04661    4.28862 3146.23786      166.04514    4.28724 3146.23789      0.1102
  -25400    166.04635    4.28866 3146.23787      166.04488    4.28728 3146.23789      0.1106
  -25500    166.04609    4.28870 3146.23788      166.04461    4.28732 3146.23790      0.1110
  -25600    166.04583    4.28875 3146.23788      166.04435    4.28736 3146.23791      0.1115
  -25700    166.04557    4.28879 3146.23789      166.04408    4.28740 3146.23791      0.1119
  -25800    166.04531    4.28884 3146.23789      166.04381    4.28743 3146.23792      0.1123
  -25900    166.04505    4.28888 3146.23790      166.04355    4.28747 3146.23792      0.1128
  -26000    166.04479    4.28892 3146.23791      166.04328    4.28751 3146.23793      0.1132
  -26100    166.04453    4.28897 3146.23791      166.04302    4.28755 3146.23794      0.1136
  -26200    166.04427    4.28901 3146.23792      166.04275    4.28759 3146.23794      0.1141
  -26300    166.04401    4.28906 3146.23793      166.04249    4.28763 3146.23795      0.1145
  -26400    166.04375    4.28910 3146.23793      166.04222    4.28767 3146.23796      0.1150
  -26500    166.04349    4.28914 3146.23794      166.04195    4.28770 3146.23797      0.1154
  -26600    166.04323    4.28919 3146.23795      166.04169    4.28774 3146.23797      0.1158
  -26700    166.04297    4.28923 3146.23795      166.04142    4.28778 3146.23798      0.1163
  -26800    166.04271    4.28928 3146.23796      166.04116    4.28782 3146.23799      0.1167
  -26900    166.04245    4.28932 3146.23797      166.04089    4.28786 3146.23799      0.1171
  -27000    166.04219    4.28936 3146.23797      166.04062    4.28790 3146.23800      0.1176
  -27100    166.04193    4.28941 3146.23798      166.04036    4.28794 3146.23801      0.1180
  -27200    166.04167    4.28945 3146.23799      166.04009    4.28797 3146.23801      0.1184
  -27300    166.04141    4.28950 3146.23799      166.03983    4.28801 3146.23802      0.1189
  -27400    166.04115    4.28954 3146.23800      166.03956    4.28805 3146.23803      0.1193
  -27500    166.04089    4.28958 3146.23801      166.03930    4.28809 3146.23803      0.1197
  -27600    166.04063    4.28963 3146.23801      166.03903    4.28813 3146.23804      0.1202
  -27700    166.04037    4.28967 3146.23802      166.03876    4.28817 3146.23805      0.1206
  -27800    166.04011    4.28972 3146.23803      166.03850    4.28820 3146.23806      0.1210
  -27900    166.03985    4.28976 3146.23804      166.03823    4.28824 3146.23806      0.1215
  -28000    166.03959    4.28980 3146.23804      166.03797    4.28828 3146.23807      0.1219
  -28100    166.03933    4.28985 3146.23805      166.03770    4.28832 3146.23808      0.1224
  -28200    166.03907    4.28989 3146.23806      166.03744    4.28836 3146.23808      0.1228
  -28300    166.03881    4.28994 3146.23806      166.03717    4.28840 3146.23809      0.1232
  -28400    166.03855    4.28998 3146.23807      166.03690    4.28844 3146.23810      0.1237
  -28500    166.03829    4.29002 3146.23808      166.03664    4.28847 3146.23811      0.1241
  -28600    166.03803    4.29007 3146.23808      166.03637    4.28851 3146.23811      0.1245
  -28700    166.03777    4.29011 3146.23809      166.03611    4.28855 3146.23812      0.1250
  -28800    166.03751    4.29016 3146.23810      166.03584    4.28859 3146.23813      0.1254
  -28900    166.03725    4.29020 3146.23811      166.03557    4.28863 3146.23814      0.1258
  -29000    166.03699    4.29024 3146.23811      166.03531    4.28867 3146.23814      0.1263
  -29100    166.03673    4.29029 3146.23812      166.03504    4.28871 3146.23815      0.1267
  -29200    166.03647    4.29033 3146.23813      166.03478    4.28874 3146.23816      0.1271
  -29300    166.03621    4.29038 3146.23814      166.03451    4.28878 3146.23817      0.1276
  -29400    166.03595    4.29042 3146.23814      166.03425    4.28882 3146.23817      0.1280
  -29500    166.03569    4.29046 3146.23815      166.03398    4.28886 3146.23818      0.1284
  -29600    166.03543    4.29051 3146.23816      166.03371    4.28890 3146.23819      0.1289
  -29700    166.03517    4.29055 3146.23816      166.03345    4.28894 3146.23820      0.1293
  -29800    166.03491    4.29059 3146.23817      166.03318    4.28898 3146.23820      0.1298
  -29900    166.03465    4.29064 3146.23818      166.03292    4.28901 3146.23821      0.1302
  -30000    166.03439    4.29068 3146.23819      166.03265    4.28905 3146.23822      0.1306
  -30100    166.03413    4.29073 3146.23820      166.03239    4.28909 3146.23823      0.1311
  -30200    166.03387    4.29077 3146.23821      166.03212    4.28913 3146.23824      0.1315
  -30300    166.03361    4.29081 3146.23822      166.03185    4.28917 3146.23825      0.1319
  -30400    166.03335    4.29086 3146.23822      166.03159    4.28921 3146.23826      0.1324
  -30500    166.03309    4.29090 3146.23823      166.03132    4.28924 3146.23826      0.1328
  -30600    166.03283    4.29095 3146.23824      166.03106    4.28928 3146.23827      0.1332
  -30700    166.03257    4.29099 3146.23825      166.03079    4.28932 3146.23828      0.1337
  -30800    166.03231    4.29103 3146.23825      166.03053    4.28936 3146.23829      0.1341
  -30900    166.03205    4.29108 3146.23826      166.03026    4.28940 3146.23829      0.1345
  -31000    166.03179    4.29112 3146.23827      166.02999    4.28944 3146.23830      0.1350
  -31100    166.03153    4.29117 3146.23828      166.02973    4.28948 3146.23831      0.1354
  -31200    166.03127    4.29121 3146.23828      166.02946    4.28951 3146.23832      0.1359
  -31300    166.03101    4.29125 3146.23829      166.02920    4.28955 3146.23833      0.1363
  -31400    166.03075    4.29130 3146.23830      166.02893    4.28959 3146.23833      0.1367
  -31500    166.03049    4.29134 3146.23831      166.02866    4.28963 3146.23834      0.1372
  -31600    166.03023    4.29139 3146.23832      166.02840    4.28967 3146.23835      0.1376
  -31700    166.02997    4.29143 3146.23832      166.02813    4.28971 3146.23836      0.1380
  -31800    166.02971    4.29147 3146.23833      166.02787    4.28975 3146.23837      0.1385
  -31900    166.02945    4.29152 3146.23834      166.02760    4.28978 3146.23838      0.1389
  -32000    166.02919    4.29156 3146.23835      166.02734    4.28982 3146.23838      0.1393
  -32100    166.02893    4.29161 3146.23836      166.02707    4.28986 3146.23839      0.1398
  -32200    166.02867    4.29165 3146.23836      166.02680    4.28990 3146.23840      0.1402
  -32300    166.02841    4.29169 3146.23837      166.02654    4.28994 3146.23841      0.1406
  -32400    166.02815    4.29174 3146.23838      166.02627    4.28998 3146.23842      0.1411
  -32500    166.02789    4.29178 3146.23839      166.02601    4.29002 3146.23843      0.1415
  -32600    166.02763    4.29183 3146.23840      166.02574    4.29005 3146.23843      0.1419
  -32700    166.02737    4.29187 3146.23840      166.02548    4.29009 3146.23844      0.1424
  -32800    166.02711    4.29191 3146.23841      166.02521    4.29013 3146.23845      0.1428
  -32900    166.02685    4.29196 3146.23842      166.02494    4.29017 3146.23846      0.1433
  -33000    166.02659    4.29200 3146.23843      166.02468    4.29021 3146.23847      0.1437
  -33100    166.02633    4.29205 3146.23844      166.02441    4.29025 3146.23848      0.1441
  -33200    166.02607    4.29209 3146.23845      166.02415    4.29028 3146.23848      0.1446
  -33300    166.02581    4.29213 3146.23845      166.02388    4.29032 3146.23849      0.1450
  -33400    166.02555    4.29218 3146.23846      166.02362    4.29036 3146.23850      0.1454
  -33500    166.02529    4.29222 3146.23847      166.02335    4.29040 3146.23851      0.1459
  -33600    166.02503    4.29227 3146.23848      166.02308    4.29044 3146.23852      0.1463
  -33700    166.02477    4.29231 3146.23849      166.02282    4.29048 3146.23853      0.1467
  -33800    166.02451    4.29235 3146.23850      166.02255    4.29052 3146.23854      0.1472
  -33900    166.02425    4.29240 3146.23850      166.02229    4.29055 3146.23855      0.1476
  -34000    166.02399    4.29244 3146.23851      166.02202    4.29059 3146.23855      0.1480
  -34100    166.02373    4.29248 3146.23852      166.02176    4.29063 3146.23856      0.1485
  -34200    166.02347    4.29253 3146.23853      166.02149    4.29067 3146.23857      0.1489
  -34300    166.02321    4.29257 3146.23854      166.02122    4.29071 3146.23858      0.1493
  -34400    166.02295    4.29262 3146.23855      166.02096    4.29075 3146.23859      0.1498
  -34500    166.02269    4.29266 3146.23856      166.02069    4.29079 3146.23860      0.1502
  -34600    166.02243    4.29270 3146.23856      166.02043    4.29082 3146.23861      0.1507
  -34700    166.02217    4.29275 3146.23857      166.02016    4.29086 3146.23862      0.1511
  -34800    166.02191    4.29279 3146.23858      166.01989    4.29090 3146.23862      0.1515
  -34900    166.02165    4.29284 3146.23859      166.01963    4.29094 3146.23863      0.1520
  -35000    166.02139    4.29288 3146.23860      166.01936    4.29098 3146.23864      0.1524
  -35100    166.02113    4.29292 3146.23861      166.01910    4.29102 3146.23865      0.1528
  -35200    166.02087    4.29297 3146.23862      166.01883    4.29106 3146.23866      0.1533
  -35300    166.02061    4.29301 3146.23863      166.01857    4.29109 3146.23867      0.1537
  -35400    166.02035    4.29306 3146.23863      166.01830    4.29113 3146.23868      0.1541
  -35500    166.02009    4.29310 3146.23864      166.01803    4.29117 3146.23869      0.1546
  -35600    166.01983    4.29314 3146.23865      166.01777    4.29121 3146.23870      0.1550
  -35700    166.01957    4.29319 3146.23866      166.01750    4.29125 3146.23871      0.1554
  -35800    166.01931    4.29323 3146.23867      166.01724    4.29129 3146.23872      0.1559
  -35900    166.01905    4.29328 3146.23868      166.01697    4.29132 3146.23872      0.1563
  -36000    166.01879    4.29332 3146.23869      166.01671    4.29136 3146.23873      0.1568
  -36100    166.01853    4.29336 3146.23870      166.01644    4.29140 3146.23874      0.1572
  -36200    166.01827    4.29341 3146.23871      166.01617    4.29144 3146.23875      0.1576
  -36300    166.01801    4.29345 3146.23872      166.01591    4.29148 3146.23876      0.1581
  -36400    166.01775    4.29350 3146.23872      166.01564    4.29152 3146.23877      0.1585
  -36500    166.01749    4.29354 3146.23873      166.01538    4.29156 3146.23878      0.1589
  -36600    166.01723    4.29358 3146.23874      166.01511    4.29159 3146.23879      0.1594
  -36700    166.01697    4.29363 3146.23875      166.01485    4.29163 3146.23880      0.1598
  -36800    166.01671    4.29367 3146.23876      166.01458    4.29167 3146.23881      0.1602
  -36900    166.01645    4.29372 3146.23877      166.01431    4.29171 3146.23882      0.1607
  -37000    166.01619    4.29376 3146.23878      166.01405    4.29175 3146.23883      0.1611
  -37100    166.01593    4.29380 3146.23879      166.01378    4.29179 3146.23884      0.1615
  -37200    166.01567    4.29385 3146.23880      166.01352    4.29183 3146.23885      0.1620
  -37300    166.01541    4.29389 3146.23881      166.01325    4.29186 3146.23886      0.1624
  -37400    166.01515    4.29393 3146.23882      166.01298    4.29190 3146.23887      0.1628
  -37500    166.01489    4.29398 3146.23883      166.01272    4.29194 3146.23888      0.1633
  -37600    166.01463    4.29402 3146.23884      166.01245    4.29198 3146.23889      0.1637
  -37700    166.01437    4.29407 3146.23885      166.01219    4.29202 3146.23890      0.1642
  -37800    166.01411    4.29411 3146.23885      166.01192    4.29206 3146.23891      0.1646
  -37900    166.01385    4.29415 3146.23886      166.01166    4.29209 3146.23892      0.1650
  -38000    166.01359    4.29420 3146.23887      166.01139    4.29213 3146.23892      0.1655
  -38100    166.01333    4.29424 3146.23888      166.01112    4.29217 3146.23893      0.1659
  -38200    166.01307    4.29429 3146.23889      166.01086    4.29221 3146.23894      0.1663
  -38300    166.01281    4.29433 3146.23890      166.01059    4.29225 3146.23895      0.1668
  -38400    166.01255    4.29437 3146.23891      166.01033    4.29229 3146.23896      0.1672
  -38500    166.01229    4.29442 3146.23892      166.01006    4.29233 3146.23897      0.1676
  -38600    166.01203    4.29446 3146.23893      166.00980    4.29236 3146.23898      0.1681
  -38700    166.01177    4.29451 3146.23894      166.00953    4.29240 3146.23899      0.1685
  -38800    166.01151    4.29455 3146.23895      166.00926    4.29244 3146.23900      0.1689
  -38900    166.01125    4.29459 3146.23896      166.00900    4.29248 3146.23901      0.1694
  -39000    166.01099    4.29464 3146.23897      166.00873    4.29252 3146.23902      0.1698
  -39100    166.01073    4.29468 3146.23898      166.00847    4.29256 3146.23903      0.1702
  -39200    166.01047    4.29473 3146.23899      166.00820    4.29260 3146.23904      0.1707
  -39300    166.01021    4.29477 3146.23900      166.00794    4.29263 3146.23905      0.1711
  -39400    166.00995    4.29481 3146.23901      166.00767    4.29267 3146.23906      0.1716
  -39500    166.00969    4.29486 3146.23902      166.00740    4.29271 3146.23907      0.1720
  -39600    166.00943    4.29490 3146.23903      166.00714    4.29275 3146.23909      0.1724
  -39700    166.00917    4.29495 3146.23904      166.00687    4.29279 3146.23910      0.1729
  -39800    166.00891    4.29499 3146.23905      166.00661    4.29283 3146.23911      0.1733
  -39900    166.00865    4.29503 3146.23906      166.00634    4.29286 3146.23912      0.1737
  -40000    166.00839    4.29508 3146.23907      166.00608    4.29290 3146.23913      0.1742
  -40100    166.00813    4.29512 3146.23908      166.00581    4.29294 3146.23914      0.1746
  -40200    166.00787    4.29517 3146.23909      166.00554    4.29298 3146.23915      0.1750
  -40300    166.00761    4.29521 3146.23910      166.00528    4.29302 3146.23916      0.1755
  -40400    166.00735    4.29525 3146.23911      166.00501    4.29306 3146.23917      0.1759
  -40500    166.00709    4.29530 3146.23912      166.00475    4.29310 3146.23918      0.1763
  -40600    166.00683    4.29534 3146.23913      166.00448    4.29313 3146.23919      0.1768
  -40700    166.00657    4.29538 3146.23914      166.00422    4.29317 3146.23920      0.1772
  -40800    166.00631    4.29543 3146.23915      166.00395    4.29321 3146.23921      0.1777
  -40900    166.00605    4.29547 3146.23916      166.00368    4.29325 3146.23922      0.1781
  -41000    166.00579    4.29552 3146.23917      166.00342    4.29329 3146.23923      0.1785
  -41100    166.00553    4.29556 3146.23918      166.00315    4.29333 3146.23924      0.1790
  -41200    166.00527    4.29560 3146.23919      166.00289    4.29337 3146.23925      0.1794
  -41300    166.00501    4.29565 3146.23920      166.00262    4.29340 3146.23926      0.1798
  -41400    166.00475    4.29569 3146.23921      166.00235    4.29344 3146.23927      0.1803
  -41500    166.00449    4.29574 3146.23922      166.00209    4.29348 3146.23928      0.1807
  -41600    166.00423    4.29578 3146.23923      166.00182    4.29352 3146.23929      0.1811
  -41700    166.00397    4.29582 3146.23924      166.00156    4.29356 3146.23931      0.1816
  -41800    166.00371    4.29587 3146.23925      166.00129    4.29360 3146.23932      0.1820
  -41900    166.00345    4.29591 3146.23926      166.00103    4.29363 3146.23933      0.1824
  -42000    166.00319    4.29596 3146.23927      166.00076    4.29367 3146.23934      0.1829
  -42100    166.00293    4.29600 3146.23929      166.00049    4.29371 3146.23935      0.1833
  -42200    166.00267    4.29604 3146.23930      166.00023    4.29375 3146.23936      0.1837
  -42300    166.00241    4.29609 3146.23931      165.99996    4.29379 3146.23937      0.1842
  -42400    166.00215    4.29613 3146.23932      165.99970    4.29383 3146.23938      0.1846
  -42500    166.00189    4.29618 3146.23933      165.99943    4.29387 3146.23939      0.1851
  -42600    166.00163    4.29622 3146.23934      165.99917    4.29390 3146.23940      0.1855
  -42700    166.00137    4.29626 3146.23935      165.99890    4.29394 3146.23941      0.1859
  -42800    166.00111    4.29631 3146.23936      165.99863    4.29398 3146.23943      0.1864
  -42900    166.00085    4.29635 3146.23937      165.99837    4.29402 3146.23944      0.1868
  -43000    166.00059    4.29640 3146.23938      165.99810    4.29406 3146.23945      0.1872
  -43100    166.00033    4.29644 3146.23939      165.99784    4.29410 3146.23946      0.1877
  -43200    166.00007    4.29648 3146.23940      165.99757    4.29413 3146.23947      0.1881
  -43300    165.99981    4.29653 3146.23941      165.99731    4.29417 3146.23948      0.1885
  -43400    165.99955    4.29657 3146.23942      165.99704    4.29421 3146.23949      0.1890
  -43500    165.99929    4.29661 3146.23944      165.99677    4.29425 3146.23950      0.1894
  -43600    165.99903    4.29666 3146.23945      165.99651    4.29429 3146.23952      0.1898
  -43700    165.99877    4.29670 3146.23946      165.99624    4.29433 3146.23953      0.1903
  -43800    165.99851    4.29675 3146.23947      165.99598    4.29437 3146.23954      0.1907
  -43900    165.99825    4.29679 3146.23949      165.99571    4.29440 3146.23955      0.1911
  -44000    165.99799    4.29683 3146.23950      165.99545    4.29444 3146.23956      0.1916
  -44100    165.99773    4.29688 3146.23951      165.99518    4.29448 3146.23958      0.1920
  -44200    165.99747    4.29692 3146.23952      165.99491    4.29452 3146.23959      0.1925
  -44300    165.99721    4.29697 3146.23953      165.99465    4.29456 3146.23960      0.1929
  -44400    165.99695    4.29701 3146.23954      165.99438    4.29460 3146.23961      0.1933
  -44500    165.99669    4.29705 3146.23955      165.99412    4.29464 3146.23962      0.1938
  -44600    165.99643    4.29710 3146.23956      165.99385    4.29467 3146.23963      0.1942
  -44700    165.99617    4.29714 3146.23957      165.99359    4.29471 3146.23965      0.1946
  -44800    165.99591    4.29719 3146.23959      165.99332    4.29475 3146.23966      0.1951
  -44900    165.99565    4.29723 3146.23960      165.99305    4.29479 3146.23967      0.1955
  -45000    165.99539    4.29727 3146.23961      165.99279    4.29483 3146.23968      0.1959
  -45100    165.99513    4.29732 3146.23962      165.99252    4.29487 3146.23969      0.1964
  -45200    165.99487    4.29736 3146.23963      165.99226    4.29490 3146.23970      0.1968
  -45300    165.99461    4.29741 3146.23964      165.99199    4.29494 3146.23972      0.1972
  -45400    165.99435    4.29745 3146.23965      165.99172    4.29498 3146.23973      0.1977
  -45500    165.99409    4.29749 3146.23967      165.99146    4.29502 3146.23974      0.1981
  -45600    165.99383    4.29754 3146.23968      165.99119    4.29506 3146.23975      0.1986
  -45700    165.99357    4.29758 3146.23969      165.99093    4.29510 3146.23976      0.1990
  -45800    165.99331    4.29762 3146.23970      165.99066    4.29514 3146.23977      0.1994
  -45900    165.99305    4.29767 3146.23971      165.99040    4.29517 3146.23979      0.1999
  -46000    165.99279    4.29771 3146.23972      165.99013    4.29521 3146.23980      0.2003
  -46100    165.99253    4.29776 3146.23973      165.98986    4.29525 3146.23981      0.2007
  -46200    165.99227    4.29780 3146.23975      165.98960    4.29529 3146.23982      0.2012
  -46300    165.99201    4.29784 3146.23976      165.98933    4.29533 3146.23983      0.2016
  -46400    165.99175    4.29789 3146.23977      165.98907    4.29537 3146.23985      0.2020
  -46500    165.99149    4.29793 3146.23978      165.98880    4.29540 3146.23986      0.2025
  -46600    165.99123    4.29798 3146.23979      165.98854    4.29544 3146.23987      0.2029
  -46700    165.99097    4.29802 3146.23980      165.98827    4.29548 3146.23988      0.2033
  -46800    165.99071    4.29806 3146.23982      165.98800    4.29552 3146.23989      0.2038
  -46900    165.99045    4.29811 3146.23983      165.98774    4.29556 3146.23991      0.2042
  -47000    165.99019    4.29815 3146.23984      165.98747    4.29560 3146.23992      0.2046
  -47100    165.98993    4.29820 3146.23985      165.98721    4.29564 3146.23993      0.2051
  -47200    165.98967    4.29824 3146.23986      165.98694    4.29567 3146.23994      0.2055
  -47300    165.98941    4.29828 3146.23988      165.98668    4.29571 3146.23995      0.2060
  -47400    165.98915    4.29833 3146.23989      165.98641    4.29575 3146.23997      0.2064
  -47500    165.98889    4.29837 3146.23990      165.98614    4.29579 3146.23998      0.2068
  -47600    165.98863    4.29842 3146.23991      165.98588    4.29583 3146.23999      0.2073
  -47700    165.98837    4.29846 3146.23992      165.98561    4.29587 3146.24000      0.2077
  -47800    165.98811    4.29850 3146.23994      165.98535    4.29591 3146.24002      0.2081
  -47900    165.98785    4.29855 3146.23995      165.98508    4.29594 3146.24003      0.2086
  -48000    165.98759    4.29859 3146.23996      165.98482    4.29598 3146.24004      0.2090
  -48100    165.98733    4.29863 3146.23997      165.98455    4.29602 3146.24005      0.2094
  -48200    165.98707    4.29868 3146.23998      165.98428    4.29606 3146.24007      0.2099
  -48300    165.98681    4.29872 3146.24000      165.98402    4.29610 3146.24008      0.2103
  -48400    165.98655    4.29877 3146.24001      165.98375    4.29614 3146.24009      0.2107
  -48500    165.98629    4.29881 3146.24002      165.98349    4.29617 3146.24010      0.2112
  -48600    165.98603    4.29885 3146.24003      165.98322    4.29621 3146.24012      0.2116
  -48700    165.98577    4.29890 3146.24004      165.98296    4.29625 3146.24013      0.2120
  -48800    165.98552    4.29894 3146.24006      165.98269    4.29629 3146.24014      0.2125
  -48900    165.98526    4.29899 3146.24007      165.98242    4.29633 3146.24015      0.2129
  -49000    165.98500    4.29903 3146.24008      165.98216    4.29637 3146.24017      0.2134
  -49100    165.98474    4.29907 3146.24009      165.98189    4.29641 3146.24018      0.2138
  -49200    165.98448    4.29912 3146.24011      165.98163    4.29644 3146.24019      0.2142
  -49300    165.98422    4.29916 3146.24012      165.98136    4.29648 3146.24020      0.2147
  -49400    165.98396    4.29921 3146.24013      165.98110    4.29652 3146.24022      0.2151
  -49500    165.98370    4.29925 3146.24014      165.98083    4.29656 3146.24023      0.2155
  -49600    165.98344    4.29929 3146.24015      165.98056    4.29660 3146.24024      0.2160
  -49700    165.98318    4.29934 3146.24017      165.98030    4.29664 3146.24026      0.2164
  -49800    165.98292    4.29938 3146.24018      165.98003    4.29667 3146.24027      0.2168
  -49900    165.98266    4.29943 3146.24019      165.97977    4.29671 3146.24028      0.2173
  -50000    165.98240    4.29947 3146.24020      165.97950    4.29675 3146.24029      0.2177
  -50100    165.98214    4.29951 3146.24022      165.97924    4.29679 3146.24031      0.2181
  -50200    165.98188    4.29956 3146.24023      165.97897    4.29683 3146.24032      0.2186
  -50300    165.98162    4.29960 3146.24024      165.97870    4.29687 3146.24033      0.2190
  -50400    165.98136    4.29964 3146.24026      165.97844    4.29691 3146.24035      0.2195
  -50500    165.98110    4.29969 3146.24027      165.97817    4.29694 3146.24036      0.2199
  -50600    165.98084    4.29973 3146.24028      165.97791    4.29698 3146.24037      0.2203
  -50700    165.98058    4.29978 3146.24029      165.97764    4.29702 3146.24038      0.2208
  -50800    165.98032    4.29982 3146.24031      165.97737    4.29706 3146.24040      0.2212
  -50900    165.98006    4.29986 3146.24032      165.97711    4.29710 3146.24041      0.2216
  -51000    165.97980    4.29991 3146.24033      165.97684    4.29714 3146.24042      0.2221
  -51100    165.97954    4.29995 3146.24034      165.97658    4.29717 3146.24044      0.2225
  -51200    165.97928    4.30000 3146.24036      165.97631    4.29721 3146.24045      0.2229
  -51300    165.97902    4.30004 3146.24037      165.97605    4.29725 3146.24046      0.2234
  -51400    165.97876    4.30008 3146.24038      165.97578    4.29729 3146.24048      0.2238
  -51500    165.97850    4.30013 3146.24040      165.97551    4.29733 3146.24049      0.2242
  -51600    165.97824    4.30017 3146.24041      165.97525    4.29737 3146.24050      0.2247
  -51700    165.97798    4.30022 3146.24042      165.97498    4.29741 3146.24052      0.2251
  -51800    165.97772    4.30026 3146.24043      165.97472    4.29744 3146.24053      0.2255
  -51900    165.97746    4.30030 3146.24045      165.97445    4.29748 3146.24054      0.2260
  -52000    165.97720    4.30035 3146.24046      165.97419    4.29752 3146.24056      0.2264
  -52100    165.97694    4.30039 3146.24047      165.97392    4.29756 3146.24057      0.2269
  -52200    165.97668    4.30044 3146.24049      165.97365    4.29760 3146.24058      0.2273
  -52300    165.97642    4.30048 3146.24050      165.97339    4.29764 3146.24060      0.2277
  -52400    165.97616    4.30052 3146.24051      165.97312    4.29767 3146.24061      0.2282
  -52500    165.97590    4.30057 3146.24053      165.97286    4.29771 3146.24062      0.2286
  -52600    165.97564    4.30061 3146.24054      165.97259    4.29775 3146.24064      0.2290
  -52700    165.97538    4.30065 3146.24055      165.97233    4.29779 3146.24065      0.2295
  -52800    165.97512    4.30070 3146.24057      165.97206    4.29783 3146.24067      0.2299
  -52900    165.97486    4.30074 3146.24058      165.97179    4.29787 3146.24068      0.2303
  -53000    165.97460    4.30079 3146.24059      165.97153    4.29791 3146.24069      0.2308
  -53100    165.97434    4.30083 3146.24061      165.97126    4.29794 3146.24071      0.2312
  -53200    165.97408    4.30087 3146.24062      165.97100    4.29798 3146.24072      0.2316
  -53300    165.97382    4.30092 3146.24063      165.97073    4.29802 3146.24073      0.2321
  -53400    165.97356    4.30096 3146.24065      165.97047    4.29806 3146.24075      0.2325
  -53500    165.97330    4.30101 3146.24066      165.97020    4.29810 3146.24076      0.2329
  -53600    165.97304    4.30105 3146.24067      165.96993    4.29814 3146.24077      0.2334
  -53700    165.97278    4.30109 3146.24069      165.96967    4.29818 3146.24079      0.2338
  -53800    165.97252    4.30114 3146.24070      165.96940    4.29821 3146.24080      0.2343
  -53900    165.97226    4.30118 3146.24071      165.96914    4.29825 3146.24082      0.2347
  -54000    165.97200    4.30123 3146.24073      165.96887    4.29829 3146.24083      0.2351
  -54100    165.97174    4.30127 3146.24074      165.96861    4.29833 3146.24084      0.2356
  -54200    165.97148    4.30131 3146.24075      165.96834    4.29837 3146.24086      0.2360
  -54300    165.97122    4.30136 3146.24077      165.96807    4.29841 3146.24087      0.2364
  -54400    165.97096    4.30140 3146.24078      165.96781    4.29844 3146.24089      0.2369
  -54500    165.97070    4.30145 3146.24080      165.96754    4.29848 3146.24090      0.2373
  -54600    165.97044    4.30149 3146.24081      165.96728    4.29852 3146.24091      0.2377
  -54700    165.97018    4.30153 3146.24082      165.96701    4.29856 3146.24093      0.2382
  -54800    165.96992    4.30158 3146.24084      165.96675    4.29860 3146.24094      0.2386
  -54900    165.96966    4.30162 3146.24085      165.96648    4.29864 3146.24096      0.2390
  -55000    165.96940    4.30166 3146.24086      165.96621    4.29868 3146.24097      0.2395
  -55100    165.96914    4.30171 3146.24088      165.96595    4.29871 3146.24099      0.2399
  -55200    165.96888    4.30175 3146.24089      165.96568    4.29875 3146.24100      0.2404
  -55300    165.96862    4.30180 3146.24091      165.96542    4.29879 3146.24101      0.2408
  -55400    165.96836    4.30184 3146.24092      165.96515    4.29883 3146.24103      0.2412
  -55500    165.96810    4.30188 3146.24093      165.96489    4.29887 3146.24104      0.2417
  -55600    165.96784    4.30193 3146.24095      165.96462    4.29891 3146.24106      0.2421
  -55700    165.96758    4.30197 3146.24096      165.96435    4.29894 3146.24107      0.2425
  -55800    165.96732    4.30202 3146.24098      165.96409    4.29898 3146.24109      0.2430
  -55900    165.96706    4.30206 3146.24099      165.96382    4.29902 3146.24110      0.2434
  -56000    165.96680    4.30210 3146.24100      165.96356    4.29906 3146.24111      0.2438
  -56100    165.96654    4.30215 3146.24102      165.96329    4.29910 3146.24113      0.2443
  -56200    165.96628    4.30219 3146.24103      165.96303    4.29914 3146.24114      0.2447
  -56300    165.96602    4.30224 3146.24105      165.96276    4.29918 3146.24116      0.2451
  -56400    165.96576    4.30228 3146.24106      165.96249    4.29921 3146.24117      0.2456
  -56500    165.96550    4.30232 3146.24107      165.96223    4.29925 3146.24119      0.2460
  -56600    165.96524    4.30237 3146.24109      165.96196    4.29929 3146.24120      0.2464
  -56700    165.96498    4.30241 3146.24110      165.96170    4.29933 3146.24122      0.2469
  -56800    165.96472    4.30245 3146.24112      165.96143    4.29937 3146.24123      0.2473
  -56900    165.96446    4.30250 3146.24113      165.96117    4.29941 3146.24125      0.2478
  -57000    165.96420    4.30254 3146.24115      165.96090    4.29944 3146.24126      0.2482
  -57100    165.96394    4.30259 3146.24116      165.96063    4.29948 3146.24128      0.2486
  -57200    165.96368    4.30263 3146.24117      165.96037    4.29952 3146.24129      0.2491
  -57300    165.96342    4.30267 3146.24119      165.96010    4.29956 3146.24131      0.2495
  -57400    165.96316    4.30272 3146.24120      165.95984    4.29960 3146.24132      0.2499
  -57500    165.96290    4.30276 3146.24122      165.95957    4.29964 3146.24133      0.2504
  -57600    165.96264    4.30281 3146.24123      165.95931    4.29968 3146.24135      0.2508
  -57700    165.96238    4.30285 3146.24125      165.95904    4.29971 3146.24136      0.2512
  -57800    165.96212    4.30289 3146.24126      165.95877    4.29975 3146.24138      0.2517
  -57900    165.96186    4.30294 3146.24128      165.95851    4.29979 3146.24139      0.2521
  -58000    165.96160    4.30298 3146.24129      165.95824    4.29983 3146.24141      0.2525
  -58100    165.96134    4.30303 3146.24130      165.95798    4.29987 3146.24142      0.2530
  -58200    165.96108    4.30307 3146.24132      165.95771    4.29991 3146.24144      0.2534
  -58300    165.96082    4.30311 3146.24133      165.95745    4.29994 3146.24145      0.2538
  -58400    165.96056    4.30316 3146.24135      165.95718    4.29998 3146.24147      0.2543
  -58500    165.96030    4.30320 3146.24136      165.95691    4.30002 3146.24148      0.2547
  -58600    165.96004    4.30324 3146.24138      165.95665    4.30006 3146.24150      0.2552
  -58700    165.95978    4.30329 3146.24139      165.95638    4.30010 3146.24151      0.2556
  -58800    165.95952    4.30333 3146.24141      165.95612    4.30014 3146.24153      0.2560
  -58900    165.95926    4.30338 3146.24142      165.95585    4.30017 3146.24155      0.2565
  -59000    165.95900    4.30342 3146.24144      165.95558    4.30021 3146.24156      0.2569
  -59100    165.95874    4.30346 3146.24145      165.95532    4.30025 3146.24158      0.2573
  -59200    165.95848    4.30351 3146.24147      165.95505    4.30029 3146.24159      0.2578
  -59300    165.95822    4.30355 3146.24148      165.95479    4.30033 3146.24161      0.2582
  -59400    165.95796    4.30360 3146.24150      165.95452    4.30037 3146.24162      0.2586
  -59500    165.95770    4.30364 3146.24151      165.95426    4.30041 3146.24164      0.2591
  -59600    165.95744    4.30368 3146.24153      165.95399    4.30044 3146.24165      0.2595
  -59700    165.95718    4.30373 3146.24154      165.95372    4.30048 3146.24167      0.2599
  -59800    165.95692    4.30377 3146.24156      165.95346    4.30052 3146.24168      0.2604
  -59900    165.95666    4.30382 3146.24157      165.95319    4.30056 3146.24170      0.2608
  -60000    165.95640    4.30386 3146.24159      165.95293    4.30060 3146.24171      0.2613
  -60100    165.95614    4.30390 3146.24160      165.95266    4.30064 3146.24173      0.2617
  -60200    165.95588    4.30395 3146.24162      165.95240    4.30067 3146.24175      0.2621
  -60300    165.95562    4.30399 3146.24163      165.95213    4.30071 3146.24176      0.2626
  -60400    165.95536    4.30403 3146.24165      165.95186    4.30075 3146.24178      0.2630
  -60500    165.95510    4.30408 3146.24166      165.95160    4.30079 3146.24179      0.2634
  -60600    165.95484    4.30412 3146.24168      165.95133    4.30083 3146.24181      0.2639
  -60700    165.95458    4.30417 3146.24169      165.95107    4.30087 3146.24182      0.2643
  -60800    165.95432    4.30421 3146.24171      165.95080    4.30091 3146.24184      0.2647
  -60900    165.95406    4.30425 3146.24172      165.95054    4.30094 3146.24185      0.2652
  -61000    165.95380    4.30430 3146.24174      165.95027    4.30098 3146.24187      0.2656
  -61100    165.95354    4.30434 3146.24175      165.95000    4.30102 3146.24189      0.2660
  -61200    165.95328    4.30439 3146.24177      165.94974    4.30106 3146.24190      0.2665
  -61300    165.95302    4.30443 3146.24178      165.94947    4.30110 3146.24192      0.2669
  -61400    165.95276    4.30447 3146.24180      165.94921    4.30114 3146.24193      0.2673
  -61500    165.95250    4.30452 3146.24182      165.94894    4.30117 3146.24195      0.2678
  -61600    165.95224    4.30456 3146.24183      165.94868    4.30121 3146.24197      0.2682
  -61700    165.95198    4.30461 3146.24185      165.94841    4.30125 3146.24198      0.2687
  -61800    165.95172    4.30465 3146.24186      165.94814    4.30129 3146.24200      0.2691
  -61900    165.95146    4.30469 3146.24188      165.94788    4.30133 3146.24201      0.2695
  -62000    165.95120    4.30474 3146.24189      165.94761    4.30137 3146.24203      0.2700
  -62100    165.95094    4.30478 3146.24191      165.94735    4.30141 3146.24205      0.2704
  -62200    165.95068    4.30482 3146.24192      165.94708    4.30144 3146.24206      0.2708
  -62300    165.95042    4.30487 3146.24194      165.94682    4.30148 3146.24208      0.2713
  -62400    165.95016    4.30491 3146.24196      165.94655    4.30152 3146.24209      0.2717
  -62500    165.94990    4.30496 3146.24197      165.94628    4.30156 3146.24211      0.2721
  -62600    165.94964    4.30500 3146.24199      165.94602    4.30160 3146.24213      0.2726
  -62700    165.94938    4.30504 3146.24200      165.94575    4.30164 3146.24214      0.2730
  -62800    165.94912    4.30509 3146.24202      165.94549    4.30167 3146.24216      0.2734
  -62900    165.94886    4.30513 3146.24203      165.94522    4.30171 3146.24217      0.2739
  -63000    165.94860    4.30518 3146.24205      165.94496    4.30175 3146.24219      0.2743
  -63100    165.94834    4.30522 3146.24207      165.94469    4.30179 3146.24221      0.2747
  -63200    165.94808    4.30526 3146.24208      165.94442    4.30183 3146.24222      0.2752
  -63300    165.94782    4.30531 3146.24210      165.94416    4.30187 3146.24224      0.2756
  -63400    165.94756    4.30535 3146.24211      165.94389    4.30191 3146.24226      0.2761
  -63500    165.94730    4.30540 3146.24213      165.94363    4.30194 3146.24227      0.2765
  -63600    165.94704    4.30544 3146.24215      165.94336    4.30198 3146.24229      0.2769
  -63700    165.94678    4.30548 3146.24216      165.94310    4.30202 3146.24231      0.2774
  -63800    165.94652    4.30553 3146.24218      165.94283    4.30206 3146.24232      0.2778
  -63900    165.94626    4.30557 3146.24219      165.94256    4.30210 3146.24234      0.2782
  -64000    165.94600    4.30561 3146.24221      165.94230    4.30214 3146.24236      0.2787
  -64100    165.94574    4.30566 3146.24223      165.94203    4.30217 3146.24237      0.2791
  -64200    165.94548    4.30570 3146.24224      165.94177    4.30221 3146.24239      0.2795
  -64300    165.94522    4.30575 3146.24226      165.94150    4.30225 3146.24240      0.2800
  -64400    165.94496    4.30579 3146.24227      165.94124    4.30229 3146.24242      0.2804
  -64500    165.94470    4.30583 3146.24229      165.94097    4.30233 3146.24244      0.2808
  -64600    165.94444    4.30588 3146.24231      165.94070    4.30237 3146.24245      0.2813
  -64700    165.94418    4.30592 3146.24232      165.94044    4.30240 3146.24247      0.2817
  -64800    165.94392    4.30597 3146.24234      165.94017    4.30244 3146.24249      0.2822
  -64900    165.94366    4.30601 3146.24236      165.93991    4.30248 3146.24250      0.2826
  -65000    165.94341    4.30605 3146.24237      165.93964    4.30252 3146.24252      0.2830
  -65100    165.94315    4.30610 3146.24239      165.93938    4.30256 3146.24254      0.2835
  -65200    165.94289    4.30614 3146.24240      165.93911    4.30260 3146.24256      0.2839
  -65300    165.94263    4.30618 3146.24242      165.93884    4.30264 3146.24257      0.2843
  -65400    165.94237    4.30623 3146.24244      165.93858    4.30267 3146.24259      0.2848
  -65500    165.94211    4.30627 3146.24245      165.93831    4.30271 3146.24261      0.2852
  -65600    165.94185    4.30632 3146.24247      165.93805    4.30275 3146.24262      0.2856
  -65700    165.94159    4.30636 3146.24249      165.93778    4.30279 3146.24264      0.2861
  -65800    165.94133    4.30640 3146.24250      165.93752    4.30283 3146.24266      0.2865
  -65900    165.94107    4.30645 3146.24252      165.93725    4.30287 3146.24267      0.2869
  -66000    165.94081    4.30649 3146.24254      165.93698    4.30290 3146.24269      0.2874
  -66100    165.94055    4.30654 3146.24255      165.93672    4.30294 3146.24271      0.2878
  -66200    165.94029    4.30658 3146.24257      165.93645    4.30298 3146.24273      0.2882
  -66300    165.94003    4.30662 3146.24259      165.93619    4.30302 3146.24274      0.2887
  -66400    165.93977    4.30667 3146.24260      165.93592    4.30306 3146.24276      0.2891
  -66500    165.93951    4.30671 3146.24262      165.93566    4.30310 3146.24278      0.2896
  -66600    165.93925    4.30676 3146.24264      165.93539    4.30314 3146.24279      0.2900
  -66700    165.93899    4.30680 3146.24265      165.93512    4.30317 3146.24281      0.2904
  -66800    165.93873    4.30684 3146.24267      165.93486    4.30321 3146.24283      0.2909
  -66900    165.93847    4.30689 3146.24269      165.93459    4.30325 3146.24285      0.2913
  -67000    165.93821    4.30693 3146.24270      165.93433    4.30329 3146.24286      0.2917
  -67100    165.93795    4.30697 3146.24272      165.93406    4.30333 3146.24288      0.2922
  -67200    165.93769    4.30702 3146.24274      165.93380    4.30337 3146.24290      0.2926
  -67300    165.93743    4.30706 3146.24275      165.93353    4.30340 3146.24291      0.2930
  -67400    165.93717    4.30711 3146.24277      165.93326    4.30344 3146.24293      0.2935
  -67500    165.93691    4.30715 3146.24279      165.93300    4.30348 3146.24295      0.2939
  -67600    165.93665    4.30719 3146.24280      165.93273    4.30352 3146.24297      0.2943
  -67700    165.93639    4.30724 3146.24282      165.93247    4.30356 3146.24298      0.2948
  -67800    165.93613    4.30728 3146.24284      165.93220    4.30360 3146.24300      0.2952
  -67900    165.93587    4.30733 3146.24286      165.93194    4.30364 3146.24302      0.2956
  -68000    165.93561    4.30737 3146.24287      165.93167    4.30367 3146.24304      0.2961
  -68100    165.93535    4.30741 3146.24289      165.93140    4.30371 3146.24305      0.2965
  -68200    165.93509    4.30746 3146.24291      165.93114    4.30375 3146.24307      0.2970
  -68300    165.93483    4.30750 3146.24292      165.93087    4.30379 3146.24309      0.2974
  -68400    165.93457    4.30755 3146.24294      165.93061    4.30383 3146.24311      0.2978
  -68500    165.93431    4.30759 3146.24296      165.93034    4.30387 3146.24313      0.2983
  -68600    165.93405    4.30763 3146.24298      165.93008    4.30390 3146.24314      0.2987
  -68700    165.93379    4.30768 3146.24299      165.92981    4.30394 3146.24316      0.2991
  -68800    165.93353    4.30772 3146.24301      165.92954    4.30398 3146.24318      0.2996
  -68900    165.93327    4.30776 3146.24303      165.92928    4.30402 3146.24320      0.3000
  -69000    165.93301    4.30781 3146.24305      165.92901    4.30406 3146.24321      0.3004
  -69100    165.93275    4.30785 3146.24306      165.92875    4.30410 3146.24323      0.3009
  -69200    165.93249    4.30790 3146.24309      165.92848    4.30413 3146.24326      0.3013
  -69300    165.93223    4.30794 3146.24310      165.92822    4.30417 3146.24327      0.3017
  -69400    165.93197    4.30798 3146.24312      165.92795    4.30421 3146.24329      0.3022
  -69500    165.93171    4.30803 3146.24314      165.92768    4.30425 3146.24331      0.3026
  -69600    165.93145    4.30807 3146.24316      165.92742    4.30429 3146.24333      0.3031
  -69700    165.93119    4.30812 3146.24317      165.92715    4.30433 3146.24335      0.3035
  -69800    165.93093    4.30816 3146.24319      165.92689    4.30437 3146.24336      0.3039
  -69900    165.93067    4.30820 3146.24321      165.92662    4.30440 3146.24338      0.3044
  -70000    165.93041    4.30825 3146.24323      165.92636    4.30444 3146.24340      0.3048
  -70100    165.93015    4.30829 3146.24324      165.92609    4.30448 3146.24342      0.3052
  -70200    165.92989    4.30833 3146.24326      165.92582    4.30452 3146.24344      0.3057
  -70300    165.92963    4.30838 3146.24328      165.92556    4.30456 3146.24345      0.3061
  -70400    165.92937    4.30842 3146.24330      165.92529    4.30460 3146.24347      0.3065
  -70500    165.92911    4.30847 3146.24331      165.92503    4.30463 3146.24349      0.3070
  -70600    165.92885    4.30851 3146.24333      165.92476    4.30467 3146.24351      0.3074
  -70700    165.92859    4.30855 3146.24335      165.92450    4.30471 3146.24353      0.3078
  -70800    165.92833    4.30860 3146.24337      165.92423    4.30475 3146.24354      0.3083
  -70900    165.92807    4.30864 3146.24338      165.92396    4.30479 3146.24356      0.3087
  -71000    165.92781    4.30869 3146.24340      165.92370    4.30483 3146.24358      0.3091
  -71100    165.92755    4.30873 3146.24342      165.92343    4.30486 3146.24360      0.3096
  -71200    165.92729    4.30877 3146.24344      165.92317    4.30490 3146.24362      0.3100
  -71300    165.92703    4.30882 3146.24346      165.92290    4.30494 3146.24364      0.3105
  -71400    165.92677    4.30886 3146.24347      165.92264    4.30498 3146.24366      0.3109
  -71500    165.92651    4.30890 3146.24349      165.92237    4.30502 3146.24367      0.3113
  -71600    165.92625    4.30895 3146.24351      165.92210    4.30506 3146.24369      0.3118
  -71700    165.92599    4.30899 3146.24353      165.92184    4.30510 3146.24371      0.3122
  -71800    165.92573    4.30904 3146.24355      165.92157    4.30513 3146.24373      0.3126
  -71900    165.92547    4.30908 3146.24356      165.92131    4.30517 3146.24375      0.3131
  -72000    165.92521    4.30912 3146.24358      165.92104    4.30521 3146.24377      0.3135
  -72100    165.92495    4.30917 3146.24360      165.92078    4.30525 3146.24378      0.3139
  -72200    165.92469    4.30921 3146.24362      165.92051    4.30529 3146.24380      0.3144
  -72300    165.92443    4.30926 3146.24364      165.92025    4.30533 3146.24382      0.3148
  -72400    165.92417    4.30930 3146.24366      165.91998    4.30536 3146.24384      0.3152
  -72500    165.92391    4.30934 3146.24367      165.91971    4.30540 3146.24386      0.3157
  -72600    165.92365    4.30939 3146.24369      165.91945    4.30544 3146.24388      0.3161
  -72700    165.92339    4.30943 3146.24371      165.91918    4.30548 3146.24390      0.3165
  -72800    165.92313    4.30948 3146.24373      165.91892    4.30552 3146.24392      0.3170
  -72900    165.92287    4.30952 3146.24375      165.91865    4.30556 3146.24393      0.3174
  -73000    165.92261    4.30956 3146.24376      165.91839    4.30559 3146.24395      0.3179
  -73100    165.92235    4.30961 3146.24378      165.91812    4.30563 3146.24397      0.3183
  -73200    165.92209    4.30965 3146.24380      165.91785    4.30567 3146.24399      0.3187
  -73300    165.92183    4.30969 3146.24382      165.91759    4.30571 3146.24401      0.3192
  -73400    165.92157    4.30974 3146.24384      165.91732    4.30575 3146.24403      0.3196
  -73500    165.92131    4.30978 3146.24386      165.91706    4.30579 3146.24405      0.3200
  -73600    165.92105    4.30983 3146.24388      165.91679    4.30583 3146.24407      0.3205
  -73700    165.92079    4.30987 3146.24389      165.91653    4.30586 3146.24409      0.3209
  -73800    165.92053    4.30991 3146.24391      165.91626    4.30590 3146.24411      0.3213
  -73900    165.92027    4.30996 3146.24393      165.91599    4.30594 3146.24412      0.3218
  -74000    165.92001    4.31000 3146.24395      165.91573    4.30598 3146.24414      0.3222
  -74100    165.91975    4.31005 3146.24397      165.91546    4.30602 3146.24416      0.3226
  -74200    165.91949    4.31009 3146.24399      165.91520    4.30606 3146.24418      0.3231
  -74300    165.91923    4.31013 3146.24401      165.91493    4.30609 3146.24420      0.3235
  -74400    165.91897    4.31018 3146.24402      165.91467    4.30613 3146.24422      0.3240
  -74500    165.91871    4.31022 3146.24404      165.91440    4.30617 3146.24424      0.3244
  -74600    165.91845    4.31026 3146.24406      165.91413    4.30621 3146.24426      0.3248
  -74700    165.91819    4.31031 3146.24408      165.91387    4.30625 3146.24428      0.3253
  -74800    165.91793    4.31035 3146.24410      165.91360    4.30629 3146.24430      0.3257
  -74900    165.91767    4.31040 3146.24412      165.91334    4.30632 3146.24432      0.3261
  -75000    165.91741    4.31044 3146.24414      165.91307    4.30636 3146.24434      0.3266
  -75100    165.91715    4.31048 3146.24416      165.91281    4.30640 3146.24436      0.3270
  -75200    165.91689    4.31053 3146.24417      165.91254    4.30644 3146.24438      0.3274
  -75300    165.91663    4.31057 3146.24419      165.91227    4.30648 3146.24439      0.3279
  -75400    165.91637    4.31062 3146.24421      165.91201    4.30652 3146.24441      0.3283
  -75500    165.91611    4.31066 3146.24423      165.91174    4.30656 3146.24443      0.3287
  -75600    165.91585    4.31070 3146.24425      165.91148    4.30659 3146.24445      0.3292
  -75700    165.91559    4.31075 3146.24427      165.91121    4.30663 3146.24447      0.3296
  -75800    165.91533    4.31079 3146.24429      165.91095    4.30667 3146.24449      0.3300
  -75900    165.91507    4.31083 3146.24431      165.91068    4.30671 3146.24451      0.3305
  -76000    165.91481    4.31088 3146.24433      165.91041    4.30675 3146.24453      0.3309
  -76100    165.91455    4.31092 3146.24435      165.91015    4.30679 3146.24455      0.3314
  -76200    165.91429    4.31097 3146.24436      165.90988    4.30682 3146.24457      0.3318
  -76300    165.91403    4.31101 3146.24438      165.90962    4.30686 3146.24459      0.3322
  -76400    165.91377    4.31105 3146.24440      165.90935    4.30690 3146.24461      0.3327
  -76500    165.91351    4.31110 3146.24442      165.90909    4.30694 3146.24463      0.3331
  -76600    165.91325    4.31114 3146.24444      165.90882    4.30698 3146.24465      0.3335
  -76700    165.91299    4.31119 3146.24446      165.90855    4.30702 3146.24467      0.3340
  -76800    165.91273    4.31123 3146.24448      165.90829    4.30705 3146.24469      0.3344
  -76900    165.91247    4.31127 3146.24450      165.90802    4.30709 3146.24471      0.3348
  -77000    165.91222    4.31132 3146.24452      165.90776    4.30713 3146.24473      0.3353
  -77100    165.91196    4.31136 3146.24454      165.90749    4.30717 3146.24475      0.3357
  -77200    165.91170    4.31140 3146.24456      165.90723    4.30721 3146.24477      0.3361
  -77300    165.91144    4.31145 3146.24458      165.90696    4.30725 3146.24479      0.3366
  -77400    165.91118    4.31149 3146.24460      165.90669    4.30729 3146.24481      0.3370
  -77500    165.91092    4.31154 3146.24462      165.90643    4.30732 3146.24483      0.3374
  -77600    165.91066    4.31158 3146.24464      165.90616    4.30736 3146.24485      0.3379
  -77700    165.91040    4.31162 3146.24465      165.90590    4.30740 3146.24487      0.3383
  -77800    165.91014    4.31167 3146.24467      165.90563    4.30744 3146.24489      0.3388
  -77900    165.90988    4.31171 3146.24469      165.90537    4.30748 3146.24491      0.3392
  -78000    165.90962    4.31176 3146.24471      165.90510    4.30752 3146.24493      0.3396
  -78100    165.90936    4.31180 3146.24473      165.90483    4.30755 3146.24495      0.3401
  -78200    165.90910    4.31184 3146.24475      165.90457    4.30759 3146.24497      0.3405
  -78300    165.90884    4.31189 3146.24477      165.90430    4.30763 3146.24499      0.3409
  -78400    165.90858    4.31193 3146.24479      165.90404    4.30767 3146.24501      0.3414
  -78500    165.90832    4.31197 3146.24481      165.90377    4.30771 3146.24503      0.3418
  -78600    165.90806    4.31202 3146.24483      165.90351    4.30775 3146.24505      0.3422
  -78700    165.90780    4.31206 3146.24485      165.90324    4.30778 3146.24507      0.3427
  -78800    165.90754    4.31211 3146.24487      165.90297    4.30782 3146.24509      0.3431
  -78900    165.90728    4.31215 3146.24489      165.90271    4.30786 3146.24511      0.3435
  -79000    165.90702    4.31219 3146.24491      165.90244    4.30790 3146.24513      0.3440
  -79100    165.90676    4.31224 3146.24493      165.90218    4.30794 3146.24515      0.3444
  -79200    165.90650    4.31228 3146.24495      165.90191    4.30798 3146.24517      0.3449
  -79300    165.90624    4.31233 3146.24497      165.90165    4.30802 3146.24519      0.3453
  -79400    165.90598    4.31237 3146.24499      165.90138    4.30805 3146.24521      0.3457
  -79500    165.90572    4.31241 3146.24501      165.90111    4.30809 3146.24523      0.3462
  -79600    165.90546    4.31246 3146.24503      165.90085    4.30813 3146.24526      0.3466
  -79700    165.90520    4.31250 3146.24505      165.90058    4.30817 3146.24528      0.3470
  -79800    165.90494    4.31254 3146.24507      165.90032    4.30821 3146.24530      0.3475
  -79900    165.90468    4.31259 3146.24509      165.90005    4.30825 3146.24532      0.3479
  -80000    165.90442    4.31263 3146.24511      165.89979    4.30828 3146.24534      0.3483
  -80100    165.90416    4.31268 3146.24513      165.89952    4.30832 3146.24536      0.3488
  -80200    165.90390    4.31272 3146.24515      165.89925    4.30836 3146.24538      0.3492
  -80300    165.90364    4.31276 3146.24517      165.89899    4.30840 3146.24540      0.3496
  -80400    165.90338    4.31281 3146.24519      165.89872    4.30844 3146.24542      0.3501
  -80500    165.90312    4.31285 3146.24521      165.89846    4.30848 3146.24544      0.3505
  -80600    165.90286    4.31290 3146.24523      165.89819    4.30851 3146.24546      0.3509
  -80700    165.90260    4.31294 3146.24525      165.89793    4.30855 3146.24548      0.3514
  -80800    165.90234    4.31298 3146.24527      165.89766    4.30859 3146.24550      0.3518
  -80900    165.90208    4.31303 3146.24529      165.89740    4.30863 3146.24553      0.3523
  -81000    165.90182    4.31307 3146.24531      165.89713    4.30867 3146.24555      0.3527
  -81100    165.90156    4.31311 3146.24533      165.89686    4.30871 3146.24557      0.3531
  -81200    165.90130    4.31316 3146.24535      165.89660    4.30874 3146.24559      0.3536
  -81300    165.90104    4.31320 3146.24537      165.89633    4.30878 3146.24561      0.3540
  -81400    165.90078    4.31325 3146.24539      165.89607    4.30882 3146.24563      0.3544
  -81500    165.90052    4.31329 3146.24542      165.89580    4.30886 3146.24565      0.3549
  -81600    165.90026    4.31333 3146.24544      165.89554    4.30890 3146.24567      0.3553
  -81700    165.90000    4.31338 3146.24546      165.89527    4.30894 3146.24569      0.3557
  -81800    165.89974    4.31342 3146.24548      165.89500    4.30898 3146.24571      0.3562
  -81900    165.89948    4.31347 3146.24550      165.89474    4.30901 3146.24574      0.3566
  -82000    165.89922    4.31351 3146.24552      165.89447    4.30905 3146.24576      0.3570
  -82100    165.89896    4.31355 3146.24554      165.89421    4.30909 3146.24578      0.3575
  -82200    165.89870    4.31360 3146.24556      165.89394    4.30913 3146.24580      0.3579
  -82300    165.89844    4.31364 3146.24558      165.89368    4.30917 3146.24582      0.3583
  -82400    165.89818    4.31368 3146.24560      165.89341    4.30921 3146.24584      0.3588
  -82500    165.89792    4.31373 3146.24562      165.89314    4.30924 3146.24586      0.3592
  -82600    165.89766    4.31377 3146.24564      165.89288    4.30928 3146.24588      0.3597
  -82700    165.89740    4.31382 3146.24566      165.89261    4.30932 3146.24591      0.3601
  -82800    165.89714    4.31386 3146.24568      165.89235    4.30936 3146.24593      0.3605
  -82900    165.89688    4.31390 3146.24570      165.89208    4.30940 3146.24595      0.3610
  -83000    165.89662    4.31395 3146.24573      165.89182    4.30944 3146.24597      0.3614
  -83100    165.89636    4.31399 3146.24575      165.89155    4.30947 3146.24599      0.3618
  -83200    165.89610    4.31404 3146.24577      165.89128    4.30951 3146.24601      0.3623
  -83300    165.89584    4.31408 3146.24579      165.89102    4.30955 3146.24603      0.3627
  -83400    165.89558    4.31412 3146.24581      165.89075    4.30959 3146.24606      0.3631
  -83500    165.89532    4.31417 3146.24583      165.89049    4.30963 3146.24608      0.3636
  -83600    165.89506    4.31421 3146.24585      165.89022    4.30967 3146.24610      0.3640
  -83700    165.89480    4.31425 3146.24587      165.88996    4.30971 3146.24612      0.3644
  -83800    165.89454    4.31430 3146.24589      165.88969    4.30974 3146.24614      0.3649
  -83900    165.89428    4.31434 3146.24591      165.88942    4.30978 3146.24616      0.3653
  -84000    165.89402    4.31439 3146.24594      165.88916    4.30982 3146.24619      0.3658
  -84100    165.89376    4.31443 3146.24596      165.88889    4.30986 3146.24621      0.3662
  -84200    165.89350    4.31447 3146.24598      165.88863    4.30990 3146.24623      0.3666
  -84300    165.89324    4.31452 3146.24600      165.88836    4.30994 3146.24625      0.3671
  -84400    165.89298    4.31456 3146.24602      165.88810    4.30997 3146.24627      0.3675
  -84500    165.89272    4.31461 3146.24604      165.88783    4.31001 3146.24629      0.3679
  -84600    165.89246    4.31465 3146.24606      165.88756    4.31005 3146.24632      0.3684
  -84700    165.89220    4.31469 3146.24608      165.88730    4.31009 3146.24634      0.3688
  -84800    165.89194    4.31474 3146.24611      165.88703    4.31013 3146.24636      0.3692
  -84900    165.89168    4.31478 3146.24613      165.88677    4.31017 3146.24638      0.3697
  -85000    165.89142    4.31482 3146.24615      165.88650    4.31020 3146.24640      0.3701
  -85100    165.89116    4.31487 3146.24617      165.88624    4.31024 3146.24643      0.3705
  -85200    165.89090    4.31491 3146.24619      165.88597    4.31028 3146.24645      0.3710
  -85300    165.89064    4.31496 3146.24621      165.88570    4.31032 3146.24647      0.3714
  -85400    165.89038    4.31500 3146.24623      165.88544    4.31036 3146.24649      0.3718
  -85500    165.89012    4.31504 3146.24625      165.88517    4.31040 3146.24651      0.3723
  -85600    165.88986    4.31509 3146.24628      165.88491    4.31043 3146.24654      0.3727
  -85700    165.88960    4.31513 3146.24630      165.88464    4.31047 3146.24656      0.3732
  -85800    165.88934    4.31518 3146.24632      165.88438    4.31051 3146.24658      0.3736
  -85900    165.88908    4.31522 3146.24634      165.88411    4.31055 3146.24660      0.3740
  -86000    165.88882    4.31526 3146.24636      165.88385    4.31059 3146.24663      0.3745
  -86100    165.88856    4.31531 3146.24638      165.88358    4.31063 3146.24665      0.3749
  -86200    165.88830    4.31535 3146.24641      165.88331    4.31066 3146.24667      0.3753
  -86300    165.88804    4.31539 3146.24643      165.88305    4.31070 3146.24669      0.3758
  -86400    165.88778    4.31544 3146.24645      165.88278    4.31074 3146.24671      0.3762
  -86500    165.88752    4.31548 3146.24647      165.88252    4.31078 3146.24674      0.3766
  -86600    165.88726    4.31553 3146.24649      165.88225    4.31082 3146.24676      0.3771
  -86700    165.88700    4.31557 3146.24651      165.88199    4.31086 3146.24678      0.3775
  -86800    165.88674    4.31561 3146.24654      165.88172    4.31090 3146.24680      0.3779
  -86900    165.88648    4.31566 3146.24656      165.88145    4.31093 3146.24683      0.3784
  -87000    165.88623    4.31570 3146.24658      165.88119    4.31097 3146.24685      0.3788
  -87100    165.88597    4.31574 3146.24660      165.88092    4.31101 3146.24687      0.3792
  -87200    165.88571    4.31579 3146.24662      165.88066    4.31105 3146.24689      0.3797
  -87300    165.88545    4.31583 3146.24665      165.88039    4.31109 3146.24692      0.3801
  -87400    165.88519    4.31588 3146.24667      165.88013    4.31113 3146.24694      0.3806
  -87500    165.88493    4.31592 3146.24669      165.87986    4.31116 3146.24696      0.3810
  -87600    165.88467    4.31596 3146.24671      165.87959    4.31120 3146.24698      0.3814
  -87700    165.88441    4.31601 3146.24673      165.87933    4.31124 3146.24701      0.3819
  -87800    165.88415    4.31605 3146.24676      165.87906    4.31128 3146.24703      0.3823
  -87900    165.88389    4.31610 3146.24678      165.87880    4.31132 3146.24705      0.3827
  -88000    165.88363    4.31614 3146.24680      165.87853    4.31136 3146.24707      0.3832
  -88100    165.88337    4.31618 3146.24682      165.87827    4.31139 3146.24710      0.3836
  -88200    165.88311    4.31623 3146.24684      165.87800    4.31143 3146.24712      0.3840
  -88300    165.88285    4.31627 3146.24687      165.87773    4.31147 3146.24714      0.3845
  -88400    165.88259    4.31631 3146.24689      165.87747    4.31151 3146.24717      0.3849
  -88500    165.88233    4.31636 3146.24691      165.87720    4.31155 3146.24719      0.3853
  -88600    165.88207    4.31640 3146.24693      165.87694    4.31159 3146.24721      0.3858
  -88700    165.88181    4.31645 3146.24696      165.87667    4.31162 3146.24723      0.3862
  -88800    165.88155    4.31649 3146.24698      165.87641    4.31166 3146.24726      0.3867
  -88900    165.88129    4.31653 3146.24700      165.87614    4.31170 3146.24728      0.3871
  -89000    165.88103    4.31658 3146.24702      165.87587    4.31174 3146.24730      0.3875
  -89100    165.88077    4.31662 3146.24704      165.87561    4.31178 3146.24733      0.3880
  -89200    165.88051    4.31667 3146.24707      165.87534    4.31182 3146.24735      0.3884
  -89300    165.88025    4.31671 3146.24709      165.87508    4.31186 3146.24737      0.3888
  -89400    165.87999    4.31675 3146.24711      165.87481    4.31189 3146.24740      0.3893
  -89500    165.87973    4.31680 3146.24713      165.87455    4.31193 3146.24742      0.3897
  -89600    165.87947    4.31684 3146.24716      165.87428    4.31197 3146.24744      0.3901
  -89700    165.87921    4.31688 3146.24718      165.87401    4.31201 3146.24747      0.3906
  -89800    165.87895    4.31693 3146.24720      165.87375    4.31205 3146.24749      0.3910
  -89900    165.87869    4.31697 3146.24722      165.87348    4.31209 3146.24751      0.3914
  -90000    165.87843    4.31702 3146.24725      165.87322    4.31212 3146.24753      0.3919
  -90100    165.87817    4.31706 3146.24727      165.87295    4.31216 3146.24756      0.3923
  -90200    165.87791    4.31710 3146.24729      165.87269    4.31220 3146.24758      0.3927
  -90300    165.87765    4.31715 3146.24732      165.87242    4.31224 3146.24760      0.3932
  -90400    165.87739    4.31719 3146.24734      165.87216    4.31228 3146.24763      0.3936
  -90500    165.87713    4.31723 3146.24736      165.87189    4.31232 3146.24765      0.3941
  -90600    165.87687    4.31728 3146.24738      165.87162    4.31235 3146.24767      0.3945
  -90700    165.87661    4.31732 3146.24741      165.87136    4.31239 3146.24770      0.3949
  -90800    165.87635    4.31737 3146.24743      165.87109    4.31243 3146.24772      0.3954
  -90900    165.87609    4.31741 3146.24745      165.87083    4.31247 3146.24775      0.3958
  -91000    165.87583    4.31745 3146.24747      165.87056    4.31251 3146.24777      0.3962
  -91100    165.87557    4.31750 3146.24750      165.87030    4.31255 3146.24779      0.3967
  -91200    165.87531    4.31754 3146.24752      165.87003    4.31258 3146.24782      0.3971
  -91300    165.87505    4.31759 3146.24754      165.86976    4.31262 3146.24784      0.3975
  -91400    165.87479    4.31763 3146.24757      165.86950    4.31266 3146.24786      0.3980
  -91500    165.87453    4.31767 3146.24759      165.86923    4.31270 3146.24789      0.3984
  -91600    165.87427    4.31772 3146.24761      165.86897    4.31274 3146.24791      0.3988
  -91700    165.87401    4.31776 3146.24764      165.86870    4.31278 3146.24793      0.3993
  -91800    165.87375    4.31780 3146.24766      165.86844    4.31281 3146.24796      0.3997
  -91900    165.87349    4.31785 3146.24768      165.86817    4.31285 3146.24798      0.4001
  -92000    165.87323    4.31789 3146.24770      165.86790    4.31289 3146.24801      0.4006
  -92100    165.87297    4.31794 3146.24773      165.86764    4.31293 3146.24803      0.4010
  -92200    165.87271    4.31798 3146.24775      165.86737    4.31297 3146.24805      0.4015
  -92300    165.87245    4.31802 3146.24777      165.86711    4.31301 3146.24808      0.4019
  -92400    165.87219    4.31807 3146.24780      165.86684    4.31305 3146.24810      0.4023
  -92500    165.87193    4.31811 3146.24782      165.86658    4.31308 3146.24812      0.4028
  -92600    165.87167    4.31816 3146.24784      165.86631    4.31312 3146.24815      0.4032
  -92700    165.87141    4.31820 3146.24787      165.86604    4.31316 3146.24817      0.4036
  -92800    165.87115    4.31824 3146.24789      165.86578    4.31320 3146.24820      0.4041
  -92900    165.87089    4.31829 3146.24791      165.86551    4.31324 3146.24822      0.4045
  -93000    165.87063    4.31833 3146.24794      165.86525    4.31328 3146.24824      0.4049
  -93100    165.87037    4.31837 3146.24796      165.86498    4.31331 3146.24827      0.4054
  -93200    165.87011    4.31842 3146.24798      165.86472    4.31335 3146.24829      0.4058
  -93300    165.86985    4.31846 3146.24801      165.86445    4.31339 3146.24832      0.4062
  -93400    165.86959    4.31851 3146.24803      165.86418    4.31343 3146.24834      0.4067
  -93500    165.86933    4.31855 3146.24805      165.86392    4.31347 3146.24836      0.4071
  -93600    165.86907    4.31859 3146.24808      165.86365    4.31351 3146.24839      0.4076
  -93700    165.86881    4.31864 3146.24810      165.86339    4.31354 3146.24841      0.4080
  -93800    165.86855    4.31868 3146.24813      165.86312    4.31358 3146.24844      0.4084
  -93900    165.86829    4.31872 3146.24815      165.86286    4.31362 3146.24846      0.4089
  -94000    165.86803    4.31877 3146.24817      165.86259    4.31366 3146.24849      0.4093
  -94100    165.86777    4.31881 3146.24820      165.86233    4.31370 3146.24851      0.4097
  -94200    165.86751    4.31886 3146.24822      165.86206    4.31374 3146.24853      0.4102
  -94300    165.86725    4.31890 3146.24824      165.86179    4.31377 3146.24856      0.4106
  -94400    165.86699    4.31894 3146.24827      165.86153    4.31381 3146.24858      0.4110
  -94500    165.86673    4.31899 3146.24829      165.86126    4.31385 3146.24861      0.4115
  -94600    165.86647    4.31903 3146.24831      165.86100    4.31389 3146.24863      0.4119
  -94700    165.86621    4.31908 3146.24834      165.86073    4.31393 3146.24866      0.4123
  -94800    165.86595    4.31912 3146.24836      165.86047    4.31397 3146.24868      0.4128
  -94900    165.86569    4.31916 3146.24839      165.86020    4.31400 3146.24871      0.4132
  -95000    165.86543    4.31921 3146.24841      165.85993    4.31404 3146.24873      0.4136
  -95100    165.86517    4.31925 3146.24843      165.85967    4.31408 3146.24875      0.4141
  -95200    165.86491    4.31929 3146.24846      165.85940    4.31412 3146.24878      0.4145
  -95300    165.86465    4.31934 3146.24848      165.85914    4.31416 3146.24880      0.4150
  -95400    165.86439    4.31938 3146.24851      165.85887    4.31420 3146.24883      0.4154
  -95500    165.86413    4.31943 3146.24853      165.85861    4.31423 3146.24885      0.4158
  -95600    165.86387    4.31947 3146.24855      165.85834    4.31427 3146.24888      0.4163
  -95700    165.86362    4.31951 3146.24858      165.85807    4.31431 3146.24890      0.4167
  -95800    165.86336    4.31956 3146.24860      165.85781    4.31435 3146.24893      0.4171
  -95900    165.86310    4.31960 3146.24863      165.85754    4.31439 3146.24895      0.4176
  -96000    165.86284    4.31964 3146.24865      165.85728    4.31443 3146.24898      0.4180
  -96100    165.86258    4.31969 3146.24867      165.85701    4.31447 3146.24900      0.4184
  -96200    165.86232    4.31973 3146.24870      165.85675    4.31450 3146.24903      0.4189
  -96300    165.86206    4.31978 3146.24872      165.85648    4.31454 3146.24905      0.4193
  -96400    165.86180    4.31982 3146.24875      165.85621    4.31458 3146.24908      0.4197
  -96500    165.86154    4.31986 3146.24877      165.85595    4.31462 3146.24910      0.4202
  -96600    165.86128    4.31991 3146.24880      165.85568    4.31466 3146.24913      0.4206
  -96700    165.86102    4.31995 3146.24882      165.85542    4.31470 3146.24915      0.4210
  -96800    165.86076    4.32000 3146.24884      165.85515    4.31473 3146.24918      0.4215
  -96900    165.86050    4.32004 3146.24887      165.85489    4.31477 3146.24920      0.4219
  -97000    165.86024    4.32008 3146.24889      165.85462    4.31481 3146.24923      0.4224
  -97100    165.85998    4.32013 3146.24892      165.85436    4.31485 3146.24925      0.4228
  -97200    165.85972    4.32017 3146.24894      165.85409    4.31489 3146.24928      0.4232
  -97300    165.85946    4.32021 3146.24897      165.85382    4.31493 3146.24930      0.4237
  -97400    165.85920    4.32026 3146.24899      165.85356    4.31496 3146.24933      0.4241
  -97500    165.85894    4.32030 3146.24901      165.85329    4.31500 3146.24935      0.4245
  -97600    165.85868    4.32035 3146.24904      165.85303    4.31504 3146.24938      0.4250
  -97700    165.85842    4.32039 3146.24906      165.85276    4.31508 3146.24940      0.4254
  -97800    165.85816    4.32043 3146.24909      165.85250    4.31512 3146.24943      0.4258
  -97900    165.85790    4.32048 3146.24911      165.85223    4.31516 3146.24945      0.4263
  -98000    165.85764    4.32052 3146.24914      165.85196    4.31519 3146.24948      0.4267
  -98100    165.85738    4.32056 3146.24916      165.85170    4.31523 3146.24950      0.4271
  -98200    165.85712    4.32061 3146.24919      165.85143    4.31527 3146.24953      0.4276
  -98300    165.85686    4.32065 3146.24921      165.85117    4.31531 3146.24955      0.4280
  -98400    165.85660    4.32070 3146.24924      165.85090    4.31535 3146.24958      0.4285
  -98500    165.85634    4.32074 3146.24926      165.85064    4.31539 3146.24961      0.4289
  -98600    165.85608    4.32078 3146.24929      165.85037    4.31542 3146.24963      0.4293
  -98700    165.85582    4.32083 3146.24931      165.85010    4.31546 3146.24966      0.4298
  -98800    165.85556    4.32087 3146.24934      165.84984    4.31550 3146.24968      0.4302
  -98900    165.85530    4.32092 3146.24936      165.84957    4.31554 3146.24971      0.4306
  -99000    165.85504    4.32096 3146.24938      165.84931    4.31558 3146.24973      0.4311
  -99100    165.85478    4.32100 3146.24941      165.84904    4.31562 3146.24976      0.4315
  -99200    165.85452    4.32105 3146.24943      165.84878    4.31565 3146.24978      0.4319
  -99300    165.85426    4.32109 3146.24946      165.84851    4.31569 3146.24981      0.4324
  -99400    165.85400    4.32113 3146.24948      165.84824    4.31573 3146.24984      0.4328
  -99500    165.85374    4.32118 3146.24951      165.84798    4.31577 3146.24986      0.4332
  -99600    165.85348    4.32122 3146.24953      165.84771    4.31581 3146.24989      0.4337
  -99700    165.85322    4.32127 3146.24956      165.84745    4.31585 3146.24991      0.4341
  -99800    165.85296    4.32131 3146.24958      165.84718    4.31588 3146.24994      0.4345
  -99900    165.85270    4.32135 3146.24961      165.84692    4.31592 3146.24996      0.4350
