
# Values from file "two_trace/input.tsv", line #4:

# CoordType = 1
# α         = 5h 26m 29.249000s
# δ         = 42° 56′ 10.497000″
# π         = (0.31357 ± 0) mas (3,189, 3,189…3,189 pc)
# RV        = (0 ± 0) km/s
# µ_α*      = (0.73735 ± 0) mas/yr
# µ_δ       = (-3.86645 ± 0) mas/yr
# ID        = 0.0
# Comment   = 

# Values from file "two_trace/input.tsv", line #5:

# CoordType = 1
# α         = 5h 26m 30.155000s
# δ         = 42° 56′ 23.099000″
# π         = (0.31357 ± 0) mas (3,189, 3,189…3,189 pc)
# RV        = (0 ± 0) km/s
# µ_α*      = (1.42318 ± 0) mas/yr
# µ_δ       = (-2.59329 ± 0) mas/yr
# ID        = 0.0
# Comment   = 

# Columns:     Time Long1 Lat1 Dist1  ...
# ColumnUnits: year degree degree parsec degree degree parsec parsec

       0    166.11239    4.27749 3189.08059      166.11101    4.28173 3189.08059      0.2482
    -100    166.11213    4.27753 3189.08059      166.11077    4.28174 3189.08059      0.2460
    -200    166.11187    4.27757 3189.08059      166.11052    4.28174 3189.08059      0.2438
    -300    166.11161    4.27761 3189.08059      166.11028    4.28175 3189.08059      0.2416
    -400    166.11135    4.27766 3189.08059      166.11004    4.28176 3189.08059      0.2394
    -500    166.11109    4.27770 3189.08059      166.10980    4.28176 3189.08059      0.2372
    -600    166.11083    4.27774 3189.08059      166.10956    4.28177 3189.08059      0.2350
    -700    166.11056    4.27779 3189.08059      166.10931    4.28178 3189.08059      0.2328
    -800    166.11030    4.27783 3189.08059      166.10907    4.28179 3189.08059      0.2306
    -900    166.11004    4.27787 3189.08059      166.10883    4.28179 3189.08059      0.2284
   -1000    166.10978    4.27791 3189.08059      166.10859    4.28180 3189.08059      0.2263
   -1100    166.10952    4.27796 3189.08059      166.10835    4.28181 3189.08059      0.2241
   -1200    166.10926    4.27800 3189.08059      166.10811    4.28181 3189.08059      0.2219
   -1300    166.10900    4.27804 3189.08059      166.10786    4.28182 3189.08059      0.2197
   -1400    166.10874    4.27808 3189.08059      166.10762    4.28183 3189.08059      0.2175
   -1500    166.10848    4.27813 3189.08059      166.10738    4.28184 3189.08059      0.2153
   -1600    166.10822    4.27817 3189.08059      166.10714    4.28184 3189.08059      0.2131
   -1700    166.10796    4.27821 3189.08059      166.10690    4.28185 3189.08059      0.2109
   -1800    166.10770    4.27825 3189.08059      166.10666    4.28186 3189.08059      0.2087
   -1900    166.10744    4.27830 3189.08059      166.10641    4.28186 3189.08059      0.2065
   -2000    166.10718    4.27834 3189.08059      166.10617    4.28187 3189.08059      0.2043
   -2100    166.10692    4.27838 3189.08059      166.10593    4.28188 3189.08059      0.2022
   -2200    166.10665    4.27842 3189.08059      166.10569    4.28188 3189.08059      0.2000
   -2300    166.10639    4.27847 3189.08059      166.10545    4.28189 3189.08059      0.1978
   -2400    166.10613    4.27851 3189.08059      166.10520    4.28190 3189.08059      0.1956
   -2500    166.10587    4.27855 3189.08059      166.10496    4.28191 3189.08059      0.1934
   -2600    166.10561    4.27859 3189.08059      166.10472    4.28191 3189.08059      0.1912
   -2700    166.10535    4.27864 3189.08059      166.10448    4.28192 3189.08059      0.1891
   -2800    166.10509    4.27868 3189.08059      166.10424    4.28193 3189.08059      0.1869
   -2900    166.10483    4.27872 3189.08059      166.10400    4.28193 3189.08059      0.1847
   -3000    166.10457    4.27876 3189.08059      166.10375    4.28194 3189.08059      0.1825
   -3100    166.10431    4.27881 3189.08060      166.10351    4.28195 3189.08059      0.1804
   -3200    166.10405    4.27885 3189.08060      166.10327    4.28196 3189.08059      0.1782
   -3300    166.10379    4.27889 3189.08060      166.10303    4.28196 3189.08059      0.1760
   -3400    166.10353    4.27893 3189.08060      166.10279    4.28197 3189.08059      0.1739
   -3500    166.10327    4.27898 3189.08060      166.10255    4.28198 3189.08059      0.1717
   -3600    166.10301    4.27902 3189.08060      166.10230    4.28198 3189.08059      0.1695
   -3700    166.10274    4.27906 3189.08060      166.10206    4.28199 3189.08059      0.1674
   -3800    166.10248    4.27910 3189.08060      166.10182    4.28200 3189.08060      0.1652
   -3900    166.10222    4.27915 3189.08060      166.10158    4.28201 3189.08060      0.1631
   -4000    166.10196    4.27919 3189.08060      166.10134    4.28201 3189.08060      0.1609
   -4100    166.10170    4.27923 3189.08060      166.10110    4.28202 3189.08060      0.1587
   -4200    166.10144    4.27927 3189.08060      166.10085    4.28203 3189.08060      0.1566
   -4300    166.10118    4.27932 3189.08060      166.10061    4.28203 3189.08060      0.1544
   -4400    166.10092    4.27936 3189.08060      166.10037    4.28204 3189.08060      0.1523
   -4500    166.10066    4.27940 3189.08060      166.10013    4.28205 3189.08060      0.1502
   -4600    166.10040    4.27945 3189.08060      166.09989    4.28205 3189.08060      0.1480
   -4700    166.10014    4.27949 3189.08060      166.09964    4.28206 3189.08060      0.1459
   -4800    166.09988    4.27953 3189.08061      166.09940    4.28207 3189.08060      0.1437
   -4900    166.09962    4.27957 3189.08061      166.09916    4.28208 3189.08060      0.1416
   -5000    166.09936    4.27962 3189.08061      166.09892    4.28208 3189.08060      0.1395
   -5100    166.09910    4.27966 3189.08061      166.09868    4.28209 3189.08060      0.1374
   -5200    166.09884    4.27970 3189.08061      166.09844    4.28210 3189.08060      0.1352
   -5300    166.09857    4.27974 3189.08061      166.09819    4.28210 3189.08060      0.1331
   -5400    166.09831    4.27979 3189.08061      166.09795    4.28211 3189.08060      0.1310
   -5500    166.09805    4.27983 3189.08061      166.09771    4.28212 3189.08060      0.1289
   -5600    166.09779    4.27987 3189.08061      166.09747    4.28213 3189.08060      0.1268
   -5700    166.09753    4.27991 3189.08061      166.09723    4.28213 3189.08060      0.1247
   -5800    166.09727    4.27996 3189.08061      166.09699    4.28214 3189.08060      0.1226
   -5900    166.09701    4.28000 3189.08061      166.09674    4.28215 3189.08061      0.1205
   -6000    166.09675    4.28004 3189.08061      166.09650    4.28215 3189.08061      0.1184
   -6100    166.09649    4.28008 3189.08062      166.09626    4.28216 3189.08061      0.1163
   -6200    166.09623    4.28013 3189.08062      166.09602    4.28217 3189.08061      0.1143
   -6300    166.09597    4.28017 3189.08062      166.09578    4.28217 3189.08061      0.1122
   -6400    166.09571    4.28021 3189.08062      166.09553    4.28218 3189.08061      0.1101
   -6500    166.09545    4.28025 3189.08062      166.09529    4.28219 3189.08061      0.1081
   -6600    166.09519    4.28030 3189.08062      166.09505    4.28220 3189.08061      0.1060
   -6700    166.09493    4.28034 3189.08062      166.09481    4.28220 3189.08061      0.1040
   -6800    166.09466    4.28038 3189.08062      166.09457    4.28221 3189.08061      0.1019
   -6900    166.09440    4.28042 3189.08063      166.09433    4.28222 3189.08061      0.0999
   -7000    166.09414    4.28047 3189.08063      166.09408    4.28222 3189.08061      0.0979
   -7100    166.09388    4.28051 3189.08063      166.09384    4.28223 3189.08062      0.0959
   -7200    166.09362    4.28055 3189.08063      166.09360    4.28224 3189.08062      0.0939
   -7300    166.09336    4.28059 3189.08063      166.09336    4.28225 3189.08062      0.0919
   -7400    166.09310    4.28064 3189.08063      166.09312    4.28225 3189.08062      0.0900
   -7500    166.09284    4.28068 3189.08063      166.09288    4.28226 3189.08062      0.0880
   -7600    166.09258    4.28072 3189.08064      166.09263    4.28227 3189.08062      0.0861
   -7700    166.09232    4.28076 3189.08064      166.09239    4.28227 3189.08062      0.0841
   -7800    166.09206    4.28081 3189.08064      166.09215    4.28228 3189.08062      0.0822
   -7900    166.09180    4.28085 3189.08064      166.09191    4.28229 3189.08063      0.0803
   -8000    166.09154    4.28089 3189.08064      166.09167    4.28230 3189.08063      0.0784
   -8100    166.09128    4.28093 3189.08064      166.09143    4.28230 3189.08063      0.0766
   -8200    166.09102    4.28098 3189.08065      166.09118    4.28231 3189.08063      0.0747
   -8300    166.09076    4.28102 3189.08065      166.09094    4.28232 3189.08063      0.0729
   -8400    166.09049    4.28106 3189.08065      166.09070    4.28232 3189.08063      0.0711
   -8500    166.09023    4.28110 3189.08065      166.09046    4.28233 3189.08063      0.0694
   -8600    166.08997    4.28115 3189.08065      166.09022    4.28234 3189.08063      0.0676
   -8700    166.08971    4.28119 3189.08066      166.08997    4.28234 3189.08064      0.0659
   -8800    166.08945    4.28123 3189.08066      166.08973    4.28235 3189.08064      0.0642
   -8900    166.08919    4.28127 3189.08066      166.08949    4.28236 3189.08064      0.0626
   -9000    166.08893    4.28132 3189.08066      166.08925    4.28237 3189.08064      0.0610
   -9100    166.08867    4.28136 3189.08066      166.08901    4.28237 3189.08064      0.0594
   -9200    166.08841    4.28140 3189.08066      166.08877    4.28238 3189.08064      0.0579
   -9300    166.08815    4.28145 3189.08067      166.08852    4.28239 3189.08065      0.0564
   -9400    166.08789    4.28149 3189.08067      166.08828    4.28239 3189.08065      0.0550
   -9500    166.08763    4.28153 3189.08067      166.08804    4.28240 3189.08065      0.0536
   -9600    166.08737    4.28157 3189.08067      166.08780    4.28241 3189.08065      0.0523
   -9700    166.08711    4.28162 3189.08068      166.08756    4.28242 3189.08065      0.0511
   -9800    166.08685    4.28166 3189.08068      166.08732    4.28242 3189.08065      0.0499
   -9900    166.08658    4.28170 3189.08068      166.08707    4.28243 3189.08065      0.0488
  -10000    166.08632    4.28174 3189.08068      166.08683    4.28244 3189.08066      0.0478
  -10100    166.08606    4.28179 3189.08068      166.08659    4.28244 3189.08066      0.0469
  -10200    166.08580    4.28183 3189.08069      166.08635    4.28245 3189.08066      0.0460
  -10300    166.08554    4.28187 3189.08069      166.08611    4.28246 3189.08066      0.0453
  -10400    166.08528    4.28191 3189.08069      166.08587    4.28246 3189.08066      0.0446
  -10500    166.08502    4.28196 3189.08069      166.08562    4.28247 3189.08067      0.0441
  -10600    166.08476    4.28200 3189.08070      166.08538    4.28248 3189.08067      0.0436
  -10700    166.08450    4.28204 3189.08070      166.08514    4.28249 3189.08067      0.0433
  -10800    166.08424    4.28208 3189.08070      166.08490    4.28249 3189.08067      0.0431
  -10900    166.08398    4.28213 3189.08070      166.08466    4.28250 3189.08067      0.0430
  -11000    166.08372    4.28217 3189.08071      166.08441    4.28251 3189.08067      0.0430
  -11100    166.08346    4.28221 3189.08071      166.08417    4.28251 3189.08068      0.0432
  -11200    166.08320    4.28225 3189.08071      166.08393    4.28252 3189.08068      0.0434
  -11300    166.08294    4.28230 3189.08071      166.08369    4.28253 3189.08068      0.0438
  -11400    166.08268    4.28234 3189.08072      166.08345    4.28254 3189.08068      0.0442
  -11500    166.08241    4.28238 3189.08072      166.08321    4.28254 3189.08068      0.0448
  -11600    166.08215    4.28242 3189.08072      166.08296    4.28255 3189.08069      0.0455
  -11700    166.08189    4.28247 3189.08072      166.08272    4.28256 3189.08069      0.0463
  -11800    166.08163    4.28251 3189.08073      166.08248    4.28256 3189.08069      0.0472
  -11900    166.08137    4.28255 3189.08073      166.08224    4.28257 3189.08069      0.0481
  -12000    166.08111    4.28259 3189.08073      166.08200    4.28258 3189.08069      0.0492
  -12100    166.08085    4.28264 3189.08073      166.08176    4.28258 3189.08070      0.0503
  -12200    166.08059    4.28268 3189.08074      166.08151    4.28259 3189.08070      0.0515
  -12300    166.08033    4.28272 3189.08074      166.08127    4.28260 3189.08070      0.0528
  -12400    166.08007    4.28276 3189.08074      166.08103    4.28261 3189.08070      0.0541
  -12500    166.07981    4.28281 3189.08074      166.08079    4.28261 3189.08071      0.0555
  -12600    166.07955    4.28285 3189.08075      166.08055    4.28262 3189.08071      0.0569
  -12700    166.07929    4.28289 3189.08075      166.08031    4.28263 3189.08071      0.0584
  -12800    166.07903    4.28293 3189.08076      166.08006    4.28263 3189.08071      0.0599
  -12900    166.07877    4.28298 3189.08076      166.07982    4.28264 3189.08072      0.0615
  -13000    166.07851    4.28302 3189.08076      166.07958    4.28265 3189.08072      0.0631
  -13100    166.07824    4.28306 3189.08076      166.07934    4.28266 3189.08072      0.0648
  -13200    166.07798    4.28310 3189.08077      166.07910    4.28266 3189.08072      0.0665
  -13300    166.07772    4.28315 3189.08077      166.07885    4.28267 3189.08073      0.0682
  -13400    166.07746    4.28319 3189.08077      166.07861    4.28268 3189.08073      0.0699
  -13500    166.07720    4.28323 3189.08078      166.07837    4.28268 3189.08073      0.0717
  -13600    166.07694    4.28327 3189.08078      166.07813    4.28269 3189.08073      0.0735
  -13700    166.07668    4.28332 3189.08078      166.07789    4.28270 3189.08074      0.0753
  -13800    166.07642    4.28336 3189.08079      166.07765    4.28271 3189.08074      0.0772
  -13900    166.07616    4.28340 3189.08079      166.07740    4.28271 3189.08074      0.0790
  -14000    166.07590    4.28344 3189.08079      166.07716    4.28272 3189.08074      0.0809
  -14100    166.07564    4.28349 3189.08080      166.07692    4.28273 3189.08075      0.0828
  -14200    166.07538    4.28353 3189.08080      166.07668    4.28273 3189.08075      0.0848
  -14300    166.07512    4.28357 3189.08080      166.07644    4.28274 3189.08075      0.0867
  -14400    166.07486    4.28361 3189.08081      166.07620    4.28275 3189.08075      0.0886
  -14500    166.07460    4.28366 3189.08081      166.07595    4.28275 3189.08076      0.0906
  -14600    166.07434    4.28370 3189.08081      166.07571    4.28276 3189.08076      0.0926
  -14700    166.07407    4.28374 3189.08082      166.07547    4.28277 3189.08077      0.0946
  -14800    166.07381    4.28378 3189.08083      166.07523    4.28278 3189.08077      0.0966
  -14900    166.07355    4.28383 3189.08083      166.07499    4.28278 3189.08077      0.0986
  -15000    166.07329    4.28387 3189.08083      166.07475    4.28279 3189.08078      0.1006
  -15100    166.07303    4.28391 3189.08084      166.07450    4.28280 3189.08078      0.1026
  -15200    166.07277    4.28395 3189.08084      166.07426    4.28280 3189.08078      0.1046
  -15300    166.07251    4.28400 3189.08084      166.07402    4.28281 3189.08078      0.1067
  -15400    166.07225    4.28404 3189.08085      166.07378    4.28282 3189.08079      0.1087
  -15500    166.07199    4.28408 3189.08085      166.07354    4.28283 3189.08079      0.1108
  -15600    166.07173    4.28413 3189.08086      166.07329    4.28283 3189.08079      0.1129
  -15700    166.07147    4.28417 3189.08086      166.07305    4.28284 3189.08080      0.1149
  -15800    166.07121    4.28421 3189.08086      166.07281    4.28285 3189.08080      0.1170
  -15900    166.07095    4.28425 3189.08087      166.07257    4.28285 3189.08080      0.1191
  -16000    166.07069    4.28430 3189.08087      166.07233    4.28286 3189.08081      0.1212
  -16100    166.07043    4.28434 3189.08087      166.07209    4.28287 3189.08081      0.1233
  -16200    166.07017    4.28438 3189.08088      166.07184    4.28287 3189.08081      0.1254
  -16300    166.06990    4.28442 3189.08088      166.07160    4.28288 3189.08082      0.1275
  -16400    166.06964    4.28447 3189.08089      166.07136    4.28289 3189.08082      0.1296
  -16500    166.06938    4.28451 3189.08089      166.07112    4.28290 3189.08082      0.1317
  -16600    166.06912    4.28455 3189.08089      166.07088    4.28290 3189.08082      0.1338
  -16700    166.06886    4.28459 3189.08090      166.07064    4.28291 3189.08083      0.1359
  -16800    166.06860    4.28464 3189.08090      166.07039    4.28292 3189.08083      0.1380
  -16900    166.06834    4.28468 3189.08091      166.07015    4.28292 3189.08083      0.1402
  -17000    166.06808    4.28472 3189.08091      166.06991    4.28293 3189.08084      0.1423
  -17100    166.06782    4.28476 3189.08092      166.06967    4.28294 3189.08084      0.1444
  -17200    166.06756    4.28481 3189.08092      166.06943    4.28294 3189.08084      0.1466
  -17300    166.06730    4.28485 3189.08092      166.06919    4.28295 3189.08085      0.1487
  -17400    166.06704    4.28489 3189.08093      166.06894    4.28296 3189.08085      0.1509
  -17500    166.06678    4.28493 3189.08093      166.06870    4.28297 3189.08085      0.1530
  -17600    166.06652    4.28498 3189.08094      166.06846    4.28297 3189.08086      0.1551
  -17700    166.06626    4.28502 3189.08095      166.06822    4.28298 3189.08087      0.1573
  -17800    166.06599    4.28506 3189.08095      166.06798    4.28299 3189.08087      0.1594
  -17900    166.06573    4.28510 3189.08096      166.06774    4.28299 3189.08087      0.1616
  -18000    166.06547    4.28515 3189.08096      166.06749    4.28300 3189.08088      0.1638
  -18100    166.06521    4.28519 3189.08096      166.06725    4.28301 3189.08088      0.1659
  -18200    166.06495    4.28523 3189.08097      166.06701    4.28302 3189.08088      0.1681
  -18300    166.06469    4.28527 3189.08097      166.06677    4.28302 3189.08089      0.1702
  -18400    166.06443    4.28532 3189.08098      166.06653    4.28303 3189.08089      0.1724
  -18500    166.06417    4.28536 3189.08098      166.06628    4.28304 3189.08090      0.1746
  -18600    166.06391    4.28540 3189.08099      166.06604    4.28304 3189.08090      0.1767
  -18700    166.06365    4.28544 3189.08099      166.06580    4.28305 3189.08090      0.1789
  -18800    166.06339    4.28549 3189.08100      166.06556    4.28306 3189.08091      0.1811
  -18900    166.06313    4.28553 3189.08100      166.06532    4.28306 3189.08091      0.1832
  -19000    166.06287    4.28557 3189.08101      166.06508    4.28307 3189.08091      0.1854
  -19100    166.06261    4.28561 3189.08101      166.06483    4.28308 3189.08092      0.1876
  -19200    166.06235    4.28566 3189.08101      166.06459    4.28309 3189.08092      0.1898
  -19300    166.06209    4.28570 3189.08102      166.06435    4.28309 3189.08093      0.1920
  -19400    166.06182    4.28574 3189.08102      166.06411    4.28310 3189.08093      0.1941
  -19500    166.06156    4.28578 3189.08103      166.06387    4.28311 3189.08093      0.1963
  -19600    166.06130    4.28583 3189.08103      166.06363    4.28311 3189.08094      0.1985
  -19700    166.06104    4.28587 3189.08104      166.06338    4.28312 3189.08094      0.2007
  -19800    166.06078    4.28591 3189.08104      166.06314    4.28313 3189.08095      0.2029
  -19900    166.06052    4.28595 3189.08105      166.06290    4.28314 3189.08095      0.2051
  -20000    166.06026    4.28600 3189.08105      166.06266    4.28314 3189.08095      0.2072
  -20100    166.06000    4.28604 3189.08106      166.06242    4.28315 3189.08096      0.2094
  -20200    166.05974    4.28608 3189.08106      166.06218    4.28316 3189.08096      0.2116
  -20300    166.05948    4.28612 3189.08107      166.06193    4.28316 3189.08096      0.2138
  -20400    166.05922    4.28617 3189.08107      166.06169    4.28317 3189.08097      0.2160
  -20500    166.05896    4.28621 3189.08108      166.06145    4.28318 3189.08097      0.2182
  -20600    166.05870    4.28625 3189.08108      166.06121    4.28318 3189.08098      0.2204
  -20700    166.05844    4.28629 3189.08109      166.06097    4.28319 3189.08098      0.2226
  -20800    166.05818    4.28634 3189.08110      166.06073    4.28320 3189.08099      0.2248
  -20900    166.05792    4.28638 3189.08110      166.06048    4.28321 3189.08099      0.2270
  -21000    166.05765    4.28642 3189.08111      166.06024    4.28321 3189.08099      0.2292
  -21100    166.05739    4.28646 3189.08111      166.06000    4.28322 3189.08100      0.2314
  -21200    166.05713    4.28651 3189.08112      166.05976    4.28323 3189.08100      0.2336
  -21300    166.05687    4.28655 3189.08112      166.05952    4.28323 3189.08101      0.2358
  -21400    166.05661    4.28659 3189.08113      166.05927    4.28324 3189.08101      0.2380
  -21500    166.05635    4.28663 3189.08113      166.05903    4.28325 3189.08102      0.2402
  -21600    166.05609    4.28668 3189.08114      166.05879    4.28326 3189.08102      0.2424
  -21700    166.05583    4.28672 3189.08114      166.05855    4.28326 3189.08102      0.2446
  -21800    166.05557    4.28676 3189.08115      166.05831    4.28327 3189.08103      0.2468
  -21900    166.05531    4.28680 3189.08116      166.05807    4.28328 3189.08103      0.2490
  -22000    166.05505    4.28685 3189.08116      166.05782    4.28328 3189.08104      0.2512
  -22100    166.05479    4.28689 3189.08117      166.05758    4.28329 3189.08104      0.2534
  -22200    166.05453    4.28693 3189.08117      166.05734    4.28330 3189.08105      0.2556
  -22300    166.05427    4.28697 3189.08118      166.05710    4.28330 3189.08105      0.2578
  -22400    166.05401    4.28702 3189.08118      166.05686    4.28331 3189.08106      0.2600
  -22500    166.05375    4.28706 3189.08119      166.05662    4.28332 3189.08106      0.2622
  -22600    166.05349    4.28710 3189.08119      166.05637    4.28333 3189.08107      0.2644
  -22700    166.05322    4.28714 3189.08120      166.05613    4.28333 3189.08107      0.2666
  -22800    166.05296    4.28719 3189.08121      166.05589    4.28334 3189.08107      0.2688
  -22900    166.05270    4.28723 3189.08121      166.05565    4.28335 3189.08108      0.2710
  -23000    166.05244    4.28727 3189.08122      166.05541    4.28335 3189.08108      0.2732
  -23100    166.05218    4.28731 3189.08122      166.05517    4.28336 3189.08109      0.2754
  -23200    166.05192    4.28736 3189.08123      166.05492    4.28337 3189.08109      0.2776
  -23300    166.05166    4.28740 3189.08124      166.05468    4.28337 3189.08110      0.2798
  -23400    166.05140    4.28744 3189.08124      166.05444    4.28338 3189.08110      0.2821
  -23500    166.05114    4.28748 3189.08125      166.05420    4.28339 3189.08111      0.2843
  -23600    166.05088    4.28753 3189.08125      166.05396    4.28340 3189.08111      0.2865
  -23700    166.05062    4.28757 3189.08126      166.05372    4.28340 3189.08112      0.2887
  -23800    166.05036    4.28761 3189.08127      166.05347    4.28341 3189.08112      0.2909
  -23900    166.05010    4.28765 3189.08127      166.05323    4.28342 3189.08113      0.2931
  -24000    166.04984    4.28770 3189.08128      166.05299    4.28342 3189.08113      0.2953
  -24100    166.04958    4.28774 3189.08128      166.05275    4.28343 3189.08114      0.2975
  -24200    166.04932    4.28778 3189.08129      166.05251    4.28344 3189.08114      0.2997
  -24300    166.04905    4.28782 3189.08130      166.05227    4.28345 3189.08115      0.3020
  -24400    166.04879    4.28787 3189.08130      166.05202    4.28345 3189.08115      0.3042
  -24500    166.04853    4.28791 3189.08131      166.05178    4.28346 3189.08116      0.3064
  -24600    166.04827    4.28795 3189.08132      166.05154    4.28347 3189.08116      0.3086
  -24700    166.04801    4.28799 3189.08132      166.05130    4.28347 3189.08117      0.3108
  -24800    166.04775    4.28804 3189.08133      166.05106    4.28348 3189.08117      0.3130
  -24900    166.04749    4.28808 3189.08134      166.05081    4.28349 3189.08118      0.3152
  -25000    166.04723    4.28812 3189.08134      166.05057    4.28349 3189.08118      0.3175
  -25100    166.04697    4.28817 3189.08135      166.05033    4.28350 3189.08119      0.3197
  -25200    166.04671    4.28821 3189.08135      166.05009    4.28351 3189.08119      0.3219
  -25300    166.04645    4.28825 3189.08136      166.04985    4.28352 3189.08120      0.3241
  -25400    166.04619    4.28829 3189.08137      166.04961    4.28352 3189.08120      0.3263
  -25500    166.04593    4.28834 3189.08137      166.04936    4.28353 3189.08121      0.3285
  -25600    166.04567    4.28838 3189.08138      166.04912    4.28354 3189.08121      0.3308
  -25700    166.04541    4.28842 3189.08139      166.04888    4.28354 3189.08122      0.3330
  -25800    166.04515    4.28846 3189.08139      166.04864    4.28355 3189.08122      0.3352
  -25900    166.04488    4.28851 3189.08140      166.04840    4.28356 3189.08123      0.3374
  -26000    166.04462    4.28855 3189.08141      166.04816    4.28356 3189.08124      0.3396
  -26100    166.04436    4.28859 3189.08141      166.04791    4.28357 3189.08124      0.3418
  -26200    166.04410    4.28863 3189.08142      166.04767    4.28358 3189.08125      0.3441
  -26300    166.04384    4.28868 3189.08143      166.04743    4.28359 3189.08125      0.3463
  -26400    166.04358    4.28872 3189.08143      166.04719    4.28359 3189.08126      0.3485
  -26500    166.04332    4.28876 3189.08144      166.04695    4.28360 3189.08126      0.3507
  -26600    166.04306    4.28880 3189.08145      166.04671    4.28361 3189.08127      0.3529
  -26700    166.04280    4.28885 3189.08145      166.04646    4.28361 3189.08127      0.3552
  -26800    166.04254    4.28889 3189.08146      166.04622    4.28362 3189.08128      0.3574
  -26900    166.04228    4.28893 3189.08147      166.04598    4.28363 3189.08128      0.3596
  -27000    166.04202    4.28897 3189.08147      166.04574    4.28364 3189.08129      0.3618
  -27100    166.04176    4.28902 3189.08148      166.04550    4.28364 3189.08129      0.3640
  -27200    166.04150    4.28906 3189.08149      166.04526    4.28365 3189.08130      0.3663
  -27300    166.04124    4.28910 3189.08149      166.04501    4.28366 3189.08131      0.3685
  -27400    166.04098    4.28914 3189.08150      166.04477    4.28366 3189.08131      0.3707
  -27500    166.04071    4.28919 3189.08151      166.04453    4.28367 3189.08132      0.3729
  -27600    166.04045    4.28923 3189.08151      166.04429    4.28368 3189.08132      0.3751
  -27700    166.04019    4.28927 3189.08152      166.04405    4.28368 3189.08133      0.3774
  -27800    166.03993    4.28931 3189.08153      166.04381    4.28369 3189.08133      0.3796
  -27900    166.03967    4.28936 3189.08154      166.04356    4.28370 3189.08134      0.3818
  -28000    166.03941    4.28940 3189.08154      166.04332    4.28371 3189.08134      0.3840
  -28100    166.03915    4.28944 3189.08155      166.04308    4.28371 3189.08135      0.3863
  -28200    166.03889    4.28948 3189.08156      166.04284    4.28372 3189.08136      0.3885
  -28300    166.03863    4.28953 3189.08156      166.04260    4.28373 3189.08136      0.3907
  -28400    166.03837    4.28957 3189.08157      166.04235    4.28373 3189.08137      0.3929
  -28500    166.03811    4.28961 3189.08158      166.04211    4.28374 3189.08137      0.3951
  -28600    166.03785    4.28965 3189.08159      166.04187    4.28375 3189.08138      0.3974
  -28700    166.03759    4.28970 3189.08159      166.04163    4.28375 3189.08138      0.3996
  -28800    166.03733    4.28974 3189.08160      166.04139    4.28376 3189.08139      0.4018
  -28900    166.03707    4.28978 3189.08161      166.04115    4.28377 3189.08140      0.4040
  -29000    166.03681    4.28982 3189.08161      166.04090    4.28378 3189.08140      0.4063
  -29100    166.03655    4.28987 3189.08162      166.04066    4.28378 3189.08141      0.4085
  -29200    166.03628    4.28991 3189.08163      166.04042    4.28379 3189.08141      0.4107
  -29300    166.03602    4.28995 3189.08164      166.04018    4.28380 3189.08142      0.4129
  -29400    166.03576    4.28999 3189.08164      166.03994    4.28380 3189.08143      0.4152
  -29500    166.03550    4.29004 3189.08165      166.03970    4.28381 3189.08143      0.4174
  -29600    166.03524    4.29008 3189.08166      166.03945    4.28382 3189.08144      0.4196
  -29700    166.03498    4.29012 3189.08167      166.03921    4.28382 3189.08144      0.4218
  -29800    166.03472    4.29016 3189.08167      166.03897    4.28383 3189.08145      0.4241
  -29900    166.03446    4.29021 3189.08168      166.03873    4.28384 3189.08146      0.4263
  -30000    166.03420    4.29025 3189.08169      166.03849    4.28385 3189.08146      0.4285
  -30100    166.03394    4.29029 3189.08170      166.03825    4.28385 3189.08147      0.4307
  -30200    166.03368    4.29033 3189.08171      166.03800    4.28386 3189.08148      0.4330
  -30300    166.03342    4.29038 3189.08172      166.03776    4.28387 3189.08149      0.4352
  -30400    166.03316    4.29042 3189.08172      166.03752    4.28387 3189.08149      0.4374
  -30500    166.03290    4.29046 3189.08173      166.03728    4.28388 3189.08150      0.4396
  -30600    166.03264    4.29050 3189.08174      166.03704    4.28389 3189.08150      0.4419
  -30700    166.03238    4.29055 3189.08175      166.03680    4.28390 3189.08151      0.4441
  -30800    166.03211    4.29059 3189.08176      166.03655    4.28390 3189.08152      0.4463
  -30900    166.03185    4.29063 3189.08176      166.03631    4.28391 3189.08152      0.4485
  -31000    166.03159    4.29067 3189.08177      166.03607    4.28392 3189.08153      0.4508
  -31100    166.03133    4.29072 3189.08178      166.03583    4.28392 3189.08154      0.4530
  -31200    166.03107    4.29076 3189.08179      166.03559    4.28393 3189.08154      0.4552
  -31300    166.03081    4.29080 3189.08180      166.03535    4.28394 3189.08155      0.4574
  -31400    166.03055    4.29084 3189.08180      166.03510    4.28394 3189.08155      0.4597
  -31500    166.03029    4.29089 3189.08181      166.03486    4.28395 3189.08156      0.4619
  -31600    166.03003    4.29093 3189.08182      166.03462    4.28396 3189.08157      0.4641
  -31700    166.02977    4.29097 3189.08183      166.03438    4.28397 3189.08157      0.4663
  -31800    166.02951    4.29101 3189.08184      166.03414    4.28397 3189.08158      0.4686
  -31900    166.02925    4.29106 3189.08184      166.03390    4.28398 3189.08159      0.4708
  -32000    166.02899    4.29110 3189.08185      166.03365    4.28399 3189.08159      0.4730
  -32100    166.02873    4.29114 3189.08186      166.03341    4.28399 3189.08160      0.4752
  -32200    166.02847    4.29118 3189.08187      166.03317    4.28400 3189.08161      0.4775
  -32300    166.02821    4.29123 3189.08188      166.03293    4.28401 3189.08161      0.4797
  -32400    166.02795    4.29127 3189.08188      166.03269    4.28401 3189.08162      0.4819
  -32500    166.02768    4.29131 3189.08189      166.03244    4.28402 3189.08163      0.4842
  -32600    166.02742    4.29135 3189.08190      166.03220    4.28403 3189.08163      0.4864
  -32700    166.02716    4.29140 3189.08191      166.03196    4.28404 3189.08164      0.4886
  -32800    166.02690    4.29144 3189.08192      166.03172    4.28404 3189.08165      0.4908
  -32900    166.02664    4.29148 3189.08193      166.03148    4.28405 3189.08165      0.4931
  -33000    166.02638    4.29152 3189.08193      166.03124    4.28406 3189.08166      0.4953
  -33100    166.02612    4.29157 3189.08194      166.03099    4.28406 3189.08167      0.4975
  -33200    166.02586    4.29161 3189.08195      166.03075    4.28407 3189.08167      0.4997
  -33300    166.02560    4.29165 3189.08196      166.03051    4.28408 3189.08168      0.5020
  -33400    166.02534    4.29169 3189.08197      166.03027    4.28408 3189.08169      0.5042
  -33500    166.02508    4.29174 3189.08198      166.03003    4.28409 3189.08169      0.5064
  -33600    166.02482    4.29178 3189.08198      166.02979    4.28410 3189.08170      0.5087
  -33700    166.02456    4.29182 3189.08199      166.02954    4.28411 3189.08171      0.5109
  -33800    166.02430    4.29186 3189.08200      166.02930    4.28411 3189.08171      0.5131
  -33900    166.02404    4.29191 3189.08201      166.02906    4.28412 3189.08172      0.5153
  -34000    166.02378    4.29195 3189.08202      166.02882    4.28413 3189.08173      0.5176
  -34100    166.02351    4.29199 3189.08203      166.02858    4.28413 3189.08173      0.5198
  -34200    166.02325    4.29203 3189.08204      166.02834    4.28414 3189.08174      0.5220
  -34300    166.02299    4.29208 3189.08204      166.02809    4.28415 3189.08175      0.5243
  -34400    166.02273    4.29212 3189.08205      166.02785    4.28415 3189.08175      0.5265
  -34500    166.02247    4.29216 3189.08206      166.02761    4.28416 3189.08176      0.5287
  -34600    166.02221    4.29220 3189.08207      166.02737    4.28417 3189.08177      0.5309
  -34700    166.02195    4.29225 3189.08208      166.02713    4.28418 3189.08178      0.5332
  -34800    166.02169    4.29229 3189.08209      166.02689    4.28418 3189.08178      0.5354
  -34900    166.02143    4.29233 3189.08210      166.02664    4.28419 3189.08179      0.5376
  -35000    166.02117    4.29237 3189.08211      166.02640    4.28420 3189.08180      0.5399
  -35100    166.02091    4.29242 3189.08212      166.02616    4.28420 3189.08180      0.5421
  -35200    166.02065    4.29246 3189.08212      166.02592    4.28421 3189.08181      0.5443
  -35300    166.02039    4.29250 3189.08213      166.02568    4.28422 3189.08182      0.5465
  -35400    166.02013    4.29254 3189.08214      166.02544    4.28423 3189.08183      0.5488
  -35500    166.01987    4.29259 3189.08215      166.02519    4.28423 3189.08183      0.5510
  -35600    166.01961    4.29263 3189.08216      166.02495    4.28424 3189.08184      0.5532
  -35700    166.01935    4.29267 3189.08217      166.02471    4.28425 3189.08185      0.5555
  -35800    166.01908    4.29271 3189.08218      166.02447    4.28425 3189.08185      0.5577
  -35900    166.01882    4.29276 3189.08219      166.02423    4.28426 3189.08186      0.5599
  -36000    166.01856    4.29280 3189.08220      166.02399    4.28427 3189.08187      0.5622
  -36100    166.01830    4.29284 3189.08221      166.02374    4.28427 3189.08188      0.5644
  -36200    166.01804    4.29288 3189.08221      166.02350    4.28428 3189.08188      0.5666
  -36300    166.01778    4.29293 3189.08222      166.02326    4.28429 3189.08189      0.5688
  -36400    166.01752    4.29297 3189.08223      166.02302    4.28430 3189.08190      0.5711
  -36500    166.01726    4.29301 3189.08224      166.02278    4.28430 3189.08191      0.5733
  -36600    166.01700    4.29305 3189.08225      166.02254    4.28431 3189.08191      0.5755
  -36700    166.01674    4.29310 3189.08226      166.02229    4.28432 3189.08192      0.5778
  -36800    166.01648    4.29314 3189.08227      166.02205    4.28432 3189.08193      0.5800
  -36900    166.01622    4.29318 3189.08228      166.02181    4.28433 3189.08194      0.5822
  -37000    166.01596    4.29322 3189.08229      166.02157    4.28434 3189.08194      0.5845
  -37100    166.01570    4.29327 3189.08230      166.02133    4.28434 3189.08195      0.5867
  -37200    166.01544    4.29331 3189.08231      166.02109    4.28435 3189.08196      0.5889
  -37300    166.01518    4.29335 3189.08232      166.02084    4.28436 3189.08197      0.5911
  -37400    166.01492    4.29339 3189.08233      166.02060    4.28437 3189.08197      0.5934
  -37500    166.01465    4.29344 3189.08234      166.02036    4.28437 3189.08198      0.5956
  -37600    166.01439    4.29348 3189.08235      166.02012    4.28438 3189.08199      0.5978
  -37700    166.01413    4.29352 3189.08236      166.01988    4.28439 3189.08200      0.6001
  -37800    166.01387    4.29356 3189.08236      166.01963    4.28439 3189.08200      0.6023
  -37900    166.01361    4.29361 3189.08237      166.01939    4.28440 3189.08201      0.6045
  -38000    166.01335    4.29365 3189.08238      166.01915    4.28441 3189.08202      0.6068
  -38100    166.01309    4.29369 3189.08239      166.01891    4.28441 3189.08203      0.6090
  -38200    166.01283    4.29373 3189.08240      166.01867    4.28442 3189.08203      0.6112
  -38300    166.01257    4.29378 3189.08241      166.01843    4.28443 3189.08204      0.6134
  -38400    166.01231    4.29382 3189.08242      166.01818    4.28444 3189.08205      0.6157
  -38500    166.01205    4.29386 3189.08243      166.01794    4.28444 3189.08206      0.6179
  -38600    166.01179    4.29390 3189.08244      166.01770    4.28445 3189.08207      0.6201
  -38700    166.01153    4.29395 3189.08245      166.01746    4.28446 3189.08207      0.6224
  -38800    166.01127    4.29399 3189.08246      166.01722    4.28446 3189.08208      0.6246
  -38900    166.01101    4.29403 3189.08247      166.01698    4.28447 3189.08209      0.6268
  -39000    166.01075    4.29407 3189.08248      166.01673    4.28448 3189.08210      0.6291
  -39100    166.01048    4.29411 3189.08249      166.01649    4.28448 3189.08211      0.6313
  -39200    166.01022    4.29416 3189.08250      166.01625    4.28449 3189.08211      0.6335
  -39300    166.00996    4.29420 3189.08251      166.01601    4.28450 3189.08212      0.6358
  -39400    166.00970    4.29424 3189.08252      166.01577    4.28451 3189.08213      0.6380
  -39500    166.00944    4.29428 3189.08253      166.01553    4.28451 3189.08214      0.6402
  -39600    166.00918    4.29433 3189.08254      166.01528    4.28452 3189.08215      0.6424
  -39700    166.00892    4.29437 3189.08255      166.01504    4.28453 3189.08215      0.6447
  -39800    166.00866    4.29441 3189.08256      166.01480    4.28453 3189.08216      0.6469
  -39900    166.00840    4.29445 3189.08257      166.01456    4.28454 3189.08217      0.6491
  -40000    166.00814    4.29450 3189.08258      166.01432    4.28455 3189.08218      0.6514
  -40100    166.00788    4.29454 3189.08259      166.01408    4.28455 3189.08219      0.6536
  -40200    166.00762    4.29458 3189.08260      166.01383    4.28456 3189.08219      0.6558
  -40300    166.00736    4.29462 3189.08261      166.01359    4.28457 3189.08220      0.6581
  -40400    166.00710    4.29467 3189.08262      166.01335    4.28458 3189.08221      0.6603
  -40500    166.00684    4.29471 3189.08263      166.01311    4.28458 3189.08222      0.6625
  -40600    166.00658    4.29475 3189.08264      166.01287    4.28459 3189.08223      0.6648
  -40700    166.00632    4.29479 3189.08265      166.01263    4.28460 3189.08224      0.6670
  -40800    166.00605    4.29484 3189.08266      166.01238    4.28460 3189.08224      0.6692
  -40900    166.00579    4.29488 3189.08267      166.01214    4.28461 3189.08225      0.6715
  -41000    166.00553    4.29492 3189.08269      166.01190    4.28462 3189.08226      0.6737
  -41100    166.00527    4.29496 3189.08270      166.01166    4.28462 3189.08227      0.6759
  -41200    166.00501    4.29501 3189.08271      166.01142    4.28463 3189.08228      0.6781
  -41300    166.00475    4.29505 3189.08272      166.01118    4.28464 3189.08229      0.6804
  -41400    166.00449    4.29509 3189.08273      166.01093    4.28465 3189.08229      0.6826
  -41500    166.00423    4.29513 3189.08274      166.01069    4.28465 3189.08230      0.6848
  -41600    166.00397    4.29518 3189.08275      166.01045    4.28466 3189.08231      0.6871
  -41700    166.00371    4.29522 3189.08276      166.01021    4.28467 3189.08232      0.6893
  -41800    166.00345    4.29526 3189.08277      166.00997    4.28467 3189.08233      0.6915
  -41900    166.00319    4.29530 3189.08278      166.00973    4.28468 3189.08234      0.6938
  -42000    166.00293    4.29535 3189.08279      166.00948    4.28469 3189.08234      0.6960
  -42100    166.00267    4.29539 3189.08280      166.00924    4.28469 3189.08235      0.6982
  -42200    166.00241    4.29543 3189.08281      166.00900    4.28470 3189.08236      0.7005
  -42300    166.00215    4.29547 3189.08282      166.00876    4.28471 3189.08237      0.7027
  -42400    166.00189    4.29552 3189.08283      166.00852    4.28472 3189.08238      0.7049
  -42500    166.00162    4.29556 3189.08284      166.00828    4.28472 3189.08239      0.7072
  -42600    166.00136    4.29560 3189.08285      166.00803    4.28473 3189.08240      0.7094
  -42700    166.00110    4.29564 3189.08287      166.00779    4.28474 3189.08241      0.7116
  -42800    166.00084    4.29569 3189.08288      166.00755    4.28474 3189.08241      0.7139
  -42900    166.00058    4.29573 3189.08289      166.00731    4.28475 3189.08242      0.7161
  -43000    166.00032    4.29577 3189.08290      166.00707    4.28476 3189.08243      0.7183
  -43100    166.00006    4.29581 3189.08291      166.00683    4.28476 3189.08244      0.7206
  -43200    165.99980    4.29586 3189.08292      166.00658    4.28477 3189.08245      0.7228
  -43300    165.99954    4.29590 3189.08293      166.00634    4.28478 3189.08246      0.7250
  -43400    165.99928    4.29594 3189.08294      166.00610    4.28479 3189.08247      0.7272
  -43500    165.99902    4.29598 3189.08295      166.00586    4.28479 3189.08248      0.7295
  -43600    165.99876    4.29603 3189.08297      166.00562    4.28480 3189.08249      0.7317
  -43700    165.99850    4.29607 3189.08298      166.00538    4.28481 3189.08250      0.7339
  -43800    165.99824    4.29611 3189.08299      166.00513    4.28481 3189.08251      0.7362
  -43900    165.99798    4.29615 3189.08300      166.00489    4.28482 3189.08252      0.7384
  -44000    165.99772    4.29620 3189.08301      166.00465    4.28483 3189.08253      0.7406
  -44100    165.99746    4.29624 3189.08303      166.00441    4.28483 3189.08253      0.7429
  -44200    165.99719    4.29628 3189.08304      166.00417    4.28484 3189.08254      0.7451
  -44300    165.99693    4.29632 3189.08305      166.00393    4.28485 3189.08255      0.7473
  -44400    165.99667    4.29637 3189.08306      166.00368    4.28486 3189.08256      0.7496
  -44500    165.99641    4.29641 3189.08307      166.00344    4.28486 3189.08257      0.7518
  -44600    165.99615    4.29645 3189.08308      166.00320    4.28487 3189.08258      0.7540
  -44700    165.99589    4.29649 3189.08309      166.00296    4.28488 3189.08259      0.7563
  -44800    165.99563    4.29654 3189.08311      166.00272    4.28488 3189.08260      0.7585
  -44900    165.99537    4.29658 3189.08312      166.00247    4.28489 3189.08261      0.7607
  -45000    165.99511    4.29662 3189.08313      166.00223    4.28490 3189.08262      0.7630
  -45100    165.99485    4.29666 3189.08314      166.00199    4.28490 3189.08263      0.7652
  -45200    165.99459    4.29671 3189.08315      166.00175    4.28491 3189.08263      0.7674
  -45300    165.99433    4.29675 3189.08316      166.00151    4.28492 3189.08264      0.7697
  -45400    165.99407    4.29679 3189.08317      166.00127    4.28493 3189.08265      0.7719
  -45500    165.99381    4.29683 3189.08319      166.00102    4.28493 3189.08266      0.7741
  -45600    165.99355    4.29688 3189.08320      166.00078    4.28494 3189.08267      0.7764
  -45700    165.99329    4.29692 3189.08321      166.00054    4.28495 3189.08268      0.7786
  -45800    165.99303    4.29696 3189.08322      166.00030    4.28495 3189.08269      0.7808
  -45900    165.99276    4.29700 3189.08323      166.00006    4.28496 3189.08270      0.7831
  -46000    165.99250    4.29705 3189.08324      165.99982    4.28497 3189.08271      0.7853
  -46100    165.99224    4.29709 3189.08326      165.99957    4.28497 3189.08272      0.7875
  -46200    165.99198    4.29713 3189.08327      165.99933    4.28498 3189.08273      0.7898
  -46300    165.99172    4.29717 3189.08328      165.99909    4.28499 3189.08274      0.7920
  -46400    165.99146    4.29722 3189.08329      165.99885    4.28500 3189.08275      0.7942
  -46500    165.99120    4.29726 3189.08330      165.99861    4.28500 3189.08276      0.7965
  -46600    165.99094    4.29730 3189.08331      165.99837    4.28501 3189.08277      0.7987
  -46700    165.99068    4.29734 3189.08333      165.99812    4.28502 3189.08278      0.8009
  -46800    165.99042    4.29739 3189.08334      165.99788    4.28502 3189.08279      0.8032
  -46900    165.99016    4.29743 3189.08335      165.99764    4.28503 3189.08279      0.8054
  -47000    165.98990    4.29747 3189.08336      165.99740    4.28504 3189.08280      0.8076
  -47100    165.98964    4.29751 3189.08337      165.99716    4.28504 3189.08281      0.8099
  -47200    165.98938    4.29756 3189.08339      165.99692    4.28505 3189.08282      0.8121
  -47300    165.98912    4.29760 3189.08340      165.99667    4.28506 3189.08283      0.8143
  -47400    165.98886    4.29764 3189.08341      165.99643    4.28507 3189.08284      0.8166
  -47500    165.98860    4.29768 3189.08342      165.99619    4.28507 3189.08285      0.8188
  -47600    165.98833    4.29773 3189.08343      165.99595    4.28508 3189.08286      0.8210
  -47700    165.98807    4.29777 3189.08345      165.99571    4.28509 3189.08287      0.8233
  -47800    165.98781    4.29781 3189.08346      165.99547    4.28509 3189.08288      0.8255
  -47900    165.98755    4.29785 3189.08347      165.99522    4.28510 3189.08289      0.8277
  -48000    165.98729    4.29790 3189.08348      165.99498    4.28511 3189.08290      0.8300
  -48100    165.98703    4.29794 3189.08350      165.99474    4.28511 3189.08291      0.8322
  -48200    165.98677    4.29798 3189.08351      165.99450    4.28512 3189.08292      0.8344
  -48300    165.98651    4.29802 3189.08352      165.99426    4.28513 3189.08293      0.8367
  -48400    165.98625    4.29807 3189.08353      165.99402    4.28514 3189.08294      0.8389
  -48500    165.98599    4.29811 3189.08354      165.99377    4.28514 3189.08295      0.8411
  -48600    165.98573    4.29815 3189.08356      165.99353    4.28515 3189.08296      0.8434
  -48700    165.98547    4.29819 3189.08357      165.99329    4.28516 3189.08297      0.8456
  -48800    165.98521    4.29823 3189.08358      165.99305    4.28516 3189.08298      0.8478
  -48900    165.98495    4.29828 3189.08359      165.99281    4.28517 3189.08299      0.8501
  -49000    165.98469    4.29832 3189.08361      165.99257    4.28518 3189.08300      0.8523
  -49100    165.98443    4.29836 3189.08362      165.99232    4.28518 3189.08301      0.8545
  -49200    165.98417    4.29840 3189.08363      165.99208    4.28519 3189.08302      0.8568
  -49300    165.98391    4.29845 3189.08364      165.99184    4.28520 3189.08303      0.8590
  -49400    165.98364    4.29849 3189.08366      165.99160    4.28521 3189.08304      0.8612
  -49500    165.98338    4.29853 3189.08367      165.99136    4.28521 3189.08305      0.8635
  -49600    165.98312    4.29857 3189.08368      165.99112    4.28522 3189.08306      0.8657
  -49700    165.98286    4.29862 3189.08369      165.99087    4.28523 3189.08307      0.8679
  -49800    165.98260    4.29866 3189.08371      165.99063    4.28523 3189.08308      0.8702
  -49900    165.98234    4.29870 3189.08372      165.99039    4.28524 3189.08309      0.8724
  -50000    165.98208    4.29874 3189.08373      165.99015    4.28525 3189.08310      0.8746
  -50100    165.98182    4.29879 3189.08374      165.98991    4.28525 3189.08311      0.8769
  -50200    165.98156    4.29883 3189.08376      165.98967    4.28526 3189.08312      0.8791
  -50300    165.98130    4.29887 3189.08377      165.98942    4.28527 3189.08313      0.8813
  -50400    165.98104    4.29891 3189.08378      165.98918    4.28527 3189.08314      0.8836
  -50500    165.98078    4.29896 3189.08380      165.98894    4.28528 3189.08315      0.8858
  -50600    165.98052    4.29900 3189.08381      165.98870    4.28529 3189.08316      0.8880
  -50700    165.98026    4.29904 3189.08382      165.98846    4.28530 3189.08317      0.8903
  -50800    165.98000    4.29908 3189.08383      165.98822    4.28530 3189.08318      0.8925
  -50900    165.97974    4.29913 3189.08385      165.98797    4.28531 3189.08319      0.8947
  -51000    165.97948    4.29917 3189.08386      165.98773    4.28532 3189.08320      0.8970
  -51100    165.97921    4.29921 3189.08387      165.98749    4.28532 3189.08321      0.8992
  -51200    165.97895    4.29925 3189.08389      165.98725    4.28533 3189.08322      0.9014
  -51300    165.97869    4.29930 3189.08390      165.98701    4.28534 3189.08323      0.9037
  -51400    165.97843    4.29934 3189.08391      165.98677    4.28534 3189.08325      0.9059
  -51500    165.97817    4.29938 3189.08393      165.98652    4.28535 3189.08326      0.9081
  -51600    165.97791    4.29942 3189.08394      165.98628    4.28536 3189.08327      0.9104
  -51700    165.97765    4.29947 3189.08395      165.98604    4.28537 3189.08328      0.9126
  -51800    165.97739    4.29951 3189.08396      165.98580    4.28537 3189.08329      0.9148
  -51900    165.97713    4.29955 3189.08398      165.98556    4.28538 3189.08330      0.9171
  -52000    165.97687    4.29959 3189.08399      165.98532    4.28539 3189.08331      0.9193
  -52100    165.97661    4.29964 3189.08400      165.98507    4.28539 3189.08332      0.9215
  -52200    165.97635    4.29968 3189.08402      165.98483    4.28540 3189.08333      0.9238
  -52300    165.97609    4.29972 3189.08403      165.98459    4.28541 3189.08334      0.9260
  -52400    165.97583    4.29976 3189.08404      165.98435    4.28541 3189.08335      0.9282
  -52500    165.97557    4.29981 3189.08406      165.98411    4.28542 3189.08336      0.9305
  -52600    165.97531    4.29985 3189.08407      165.98387    4.28543 3189.08337      0.9327
  -52700    165.97505    4.29989 3189.08408      165.98362    4.28544 3189.08338      0.9349
  -52800    165.97478    4.29993 3189.08410      165.98338    4.28544 3189.08339      0.9372
  -52900    165.97452    4.29998 3189.08411      165.98314    4.28545 3189.08340      0.9394
  -53000    165.97426    4.30002 3189.08412      165.98290    4.28546 3189.08342      0.9416
  -53100    165.97400    4.30006 3189.08414      165.98266    4.28546 3189.08343      0.9439
  -53200    165.97374    4.30010 3189.08415      165.98242    4.28547 3189.08344      0.9461
  -53300    165.97348    4.30015 3189.08417      165.98217    4.28548 3189.08345      0.9483
  -53400    165.97322    4.30019 3189.08418      165.98193    4.28548 3189.08346      0.9506
  -53500    165.97296    4.30023 3189.08419      165.98169    4.28549 3189.08347      0.9528
  -53600    165.97270    4.30027 3189.08421      165.98145    4.28550 3189.08348      0.9550
  -53700    165.97244    4.30032 3189.08422      165.98121    4.28551 3189.08349      0.9573
  -53800    165.97218    4.30036 3189.08423      165.98097    4.28551 3189.08350      0.9595
  -53900    165.97192    4.30040 3189.08425      165.98072    4.28552 3189.08351      0.9617
  -54000    165.97166    4.30044 3189.08426      165.98048    4.28553 3189.08352      0.9640
  -54100    165.97140    4.30049 3189.08427      165.98024    4.28553 3189.08354      0.9662
  -54200    165.97114    4.30053 3189.08429      165.98000    4.28554 3189.08355      0.9684
  -54300    165.97088    4.30057 3189.08430      165.97976    4.28555 3189.08356      0.9707
  -54400    165.97062    4.30061 3189.08432      165.97952    4.28555 3189.08357      0.9729
  -54500    165.97036    4.30066 3189.08433      165.97927    4.28556 3189.08358      0.9751
  -54600    165.97009    4.30070 3189.08434      165.97903    4.28557 3189.08359      0.9774
  -54700    165.96983    4.30074 3189.08436      165.97879    4.28558 3189.08360      0.9796
  -54800    165.96957    4.30078 3189.08437      165.97855    4.28558 3189.08361      0.9818
  -54900    165.96931    4.30082 3189.08439      165.97831    4.28559 3189.08362      0.9841
  -55000    165.96905    4.30087 3189.08440      165.97807    4.28560 3189.08364      0.9863
  -55100    165.96879    4.30091 3189.08441      165.97782    4.28560 3189.08365      0.9885
  -55200    165.96853    4.30095 3189.08443      165.97758    4.28561 3189.08366      0.9908
  -55300    165.96827    4.30099 3189.08444      165.97734    4.28562 3189.08367      0.9930
  -55400    165.96801    4.30104 3189.08446      165.97710    4.28562 3189.08368      0.9952
  -55500    165.96775    4.30108 3189.08447      165.97686    4.28563 3189.08369      0.9975
  -55600    165.96749    4.30112 3189.08448      165.97662    4.28564 3189.08370      0.9997
  -55700    165.96723    4.30116 3189.08450      165.97637    4.28564 3189.08371      1.0019
  -55800    165.96697    4.30121 3189.08451      165.97613    4.28565 3189.08373      1.0042
  -55900    165.96671    4.30125 3189.08453      165.97589    4.28566 3189.08374      1.0064
  -56000    165.96645    4.30129 3189.08454      165.97565    4.28567 3189.08375      1.0086
  -56100    165.96619    4.30133 3189.08456      165.97541    4.28567 3189.08376      1.0109
  -56200    165.96593    4.30138 3189.08457      165.97517    4.28568 3189.08377      1.0131
  -56300    165.96566    4.30142 3189.08458      165.97492    4.28569 3189.08378      1.0153
  -56400    165.96540    4.30146 3189.08460      165.97468    4.28569 3189.08379      1.0176
  -56500    165.96514    4.30150 3189.08461      165.97444    4.28570 3189.08381      1.0198
  -56600    165.96488    4.30155 3189.08463      165.97420    4.28571 3189.08382      1.0220
  -56700    165.96462    4.30159 3189.08464      165.97396    4.28571 3189.08383      1.0243
  -56800    165.96436    4.30163 3189.08466      165.97372    4.28572 3189.08384      1.0265
  -56900    165.96410    4.30167 3189.08467      165.97347    4.28573 3189.08385      1.0287
  -57000    165.96384    4.30172 3189.08468      165.97323    4.28574 3189.08386      1.0310
  -57100    165.96358    4.30176 3189.08470      165.97299    4.28574 3189.08388      1.0332
  -57200    165.96332    4.30180 3189.08471      165.97275    4.28575 3189.08389      1.0355
  -57300    165.96306    4.30184 3189.08473      165.97251    4.28576 3189.08390      1.0377
  -57400    165.96280    4.30189 3189.08474      165.97227    4.28576 3189.08391      1.0399
  -57500    165.96254    4.30193 3189.08476      165.97202    4.28577 3189.08392      1.0422
  -57600    165.96228    4.30197 3189.08477      165.97178    4.28578 3189.08393      1.0444
  -57700    165.96202    4.30201 3189.08479      165.97154    4.28578 3189.08395      1.0466
  -57800    165.96176    4.30206 3189.08480      165.97130    4.28579 3189.08396      1.0489
  -57900    165.96150    4.30210 3189.08482      165.97106    4.28580 3189.08397      1.0511
  -58000    165.96124    4.30214 3189.08483      165.97082    4.28581 3189.08398      1.0533
  -58100    165.96097    4.30218 3189.08485      165.97057    4.28581 3189.08399      1.0556
  -58200    165.96071    4.30223 3189.08486      165.97033    4.28582 3189.08401      1.0578
  -58300    165.96045    4.30227 3189.08488      165.97009    4.28583 3189.08402      1.0600
  -58400    165.96019    4.30231 3189.08489      165.96985    4.28583 3189.08403      1.0623
  -58500    165.95993    4.30235 3189.08490      165.96961    4.28584 3189.08404      1.0645
  -58600    165.95967    4.30240 3189.08492      165.96937    4.28585 3189.08405      1.0667
  -58700    165.95941    4.30244 3189.08493      165.96912    4.28585 3189.08406      1.0690
  -58800    165.95915    4.30248 3189.08495      165.96888    4.28586 3189.08408      1.0712
  -58900    165.95889    4.30252 3189.08496      165.96864    4.28587 3189.08409      1.0734
  -59000    165.95863    4.30257 3189.08498      165.96840    4.28587 3189.08410      1.0757
  -59100    165.95837    4.30261 3189.08499      165.96816    4.28588 3189.08411      1.0779
  -59200    165.95811    4.30265 3189.08501      165.96792    4.28589 3189.08412      1.0801
  -59300    165.95785    4.30269 3189.08502      165.96767    4.28590 3189.08414      1.0824
  -59400    165.95759    4.30273 3189.08504      165.96743    4.28590 3189.08415      1.0846
  -59500    165.95733    4.30278 3189.08506      165.96719    4.28591 3189.08416      1.0868
  -59600    165.95707    4.30282 3189.08507      165.96695    4.28592 3189.08417      1.0891
  -59700    165.95681    4.30286 3189.08509      165.96671    4.28592 3189.08419      1.0913
  -59800    165.95655    4.30290 3189.08510      165.96647    4.28593 3189.08420      1.0935
  -59900    165.95628    4.30295 3189.08512      165.96622    4.28594 3189.08421      1.0958
  -60000    165.95602    4.30299 3189.08513      165.96598    4.28594 3189.08422      1.0980
  -60100    165.95576    4.30303 3189.08515      165.96574    4.28595 3189.08423      1.1002
  -60200    165.95550    4.30307 3189.08516      165.96550    4.28596 3189.08425      1.1025
  -60300    165.95524    4.30312 3189.08518      165.96526    4.28597 3189.08426      1.1047
  -60400    165.95498    4.30316 3189.08519      165.96502    4.28597 3189.08427      1.1069
  -60500    165.95472    4.30320 3189.08521      165.96477    4.28598 3189.08428      1.1092
  -60600    165.95446    4.30324 3189.08522      165.96453    4.28599 3189.08430      1.1114
  -60700    165.95420    4.30329 3189.08524      165.96429    4.28599 3189.08431      1.1137
  -60800    165.95394    4.30333 3189.08525      165.96405    4.28600 3189.08432      1.1159
  -60900    165.95368    4.30337 3189.08527      165.96381    4.28601 3189.08433      1.1181
  -61000    165.95342    4.30341 3189.08528      165.96357    4.28601 3189.08435      1.1204
  -61100    165.95316    4.30346 3189.08530      165.96332    4.28602 3189.08436      1.1226
  -61200    165.95290    4.30350 3189.08532      165.96308    4.28603 3189.08437      1.1248
  -61300    165.95264    4.30354 3189.08533      165.96284    4.28603 3189.08438      1.1271
  -61400    165.95238    4.30358 3189.08535      165.96260    4.28604 3189.08440      1.1293
  -61500    165.95212    4.30363 3189.08536      165.96236    4.28605 3189.08441      1.1315
  -61600    165.95185    4.30367 3189.08538      165.96212    4.28606 3189.08442      1.1338
  -61700    165.95159    4.30371 3189.08539      165.96187    4.28606 3189.08443      1.1360
  -61800    165.95133    4.30375 3189.08541      165.96163    4.28607 3189.08445      1.1382
  -61900    165.95107    4.30380 3189.08543      165.96139    4.28608 3189.08446      1.1405
  -62000    165.95081    4.30384 3189.08544      165.96115    4.28608 3189.08447      1.1427
  -62100    165.95055    4.30388 3189.08546      165.96091    4.28609 3189.08448      1.1449
  -62200    165.95029    4.30392 3189.08547      165.96067    4.28610 3189.08450      1.1472
  -62300    165.95003    4.30397 3189.08549      165.96042    4.28610 3189.08451      1.1494
  -62400    165.94977    4.30401 3189.08550      165.96018    4.28611 3189.08452      1.1516
  -62500    165.94951    4.30405 3189.08552      165.95994    4.28612 3189.08453      1.1539
  -62600    165.94925    4.30409 3189.08554      165.95970    4.28613 3189.08455      1.1561
  -62700    165.94899    4.30414 3189.08555      165.95946    4.28613 3189.08456      1.1583
  -62800    165.94873    4.30418 3189.08557      165.95922    4.28614 3189.08457      1.1606
  -62900    165.94847    4.30422 3189.08558      165.95897    4.28615 3189.08459      1.1628
  -63000    165.94821    4.30426 3189.08560      165.95873    4.28615 3189.08460      1.1650
  -63100    165.94795    4.30431 3189.08562      165.95849    4.28616 3189.08461      1.1673
  -63200    165.94769    4.30435 3189.08563      165.95825    4.28617 3189.08462      1.1695
  -63300    165.94743    4.30439 3189.08565      165.95801    4.28617 3189.08464      1.1717
  -63400    165.94716    4.30443 3189.08566      165.95777    4.28618 3189.08465      1.1740
  -63500    165.94690    4.30447 3189.08568      165.95752    4.28619 3189.08466      1.1762
  -63600    165.94664    4.30452 3189.08570      165.95728    4.28619 3189.08468      1.1785
  -63700    165.94638    4.30456 3189.08571      165.95704    4.28620 3189.08469      1.1807
  -63800    165.94612    4.30460 3189.08573      165.95680    4.28621 3189.08470      1.1829
  -63900    165.94586    4.30464 3189.08575      165.95656    4.28622 3189.08472      1.1852
  -64000    165.94560    4.30469 3189.08576      165.95632    4.28622 3189.08473      1.1874
  -64100    165.94534    4.30473 3189.08578      165.95607    4.28623 3189.08474      1.1896
  -64200    165.94508    4.30477 3189.08579      165.95583    4.28624 3189.08475      1.1919
  -64300    165.94482    4.30481 3189.08581      165.95559    4.28624 3189.08477      1.1941
  -64400    165.94456    4.30486 3189.08583      165.95535    4.28625 3189.08478      1.1963
  -64500    165.94430    4.30490 3189.08584      165.95511    4.28626 3189.08479      1.1986
  -64600    165.94404    4.30494 3189.08586      165.95487    4.28626 3189.08481      1.2008
  -64700    165.94378    4.30498 3189.08588      165.95462    4.28627 3189.08482      1.2030
  -64800    165.94352    4.30503 3189.08589      165.95438    4.28628 3189.08483      1.2053
  -64900    165.94326    4.30507 3189.08591      165.95414    4.28629 3189.08485      1.2075
  -65000    165.94300    4.30511 3189.08593      165.95390    4.28629 3189.08486      1.2097
  -65100    165.94274    4.30515 3189.08594      165.95366    4.28630 3189.08487      1.2120
  -65200    165.94247    4.30520 3189.08596      165.95342    4.28631 3189.08489      1.2142
  -65300    165.94221    4.30524 3189.08598      165.95318    4.28631 3189.08490      1.2164
  -65400    165.94195    4.30528 3189.08599      165.95293    4.28632 3189.08491      1.2187
  -65500    165.94169    4.30532 3189.08601      165.95269    4.28633 3189.08493      1.2209
  -65600    165.94143    4.30537 3189.08603      165.95245    4.28633 3189.08494      1.2231
  -65700    165.94117    4.30541 3189.08604      165.95221    4.28634 3189.08495      1.2254
  -65800    165.94091    4.30545 3189.08606      165.95197    4.28635 3189.08497      1.2276
  -65900    165.94065    4.30549 3189.08608      165.95173    4.28635 3189.08498      1.2299
  -66000    165.94039    4.30554 3189.08609      165.95148    4.28636 3189.08499      1.2321
  -66100    165.94013    4.30558 3189.08611      165.95124    4.28637 3189.08501      1.2343
  -66200    165.93987    4.30562 3189.08613      165.95100    4.28638 3189.08502      1.2366
  -66300    165.93961    4.30566 3189.08614      165.95076    4.28638 3189.08503      1.2388
  -66400    165.93935    4.30571 3189.08616      165.95052    4.28639 3189.08505      1.2410
  -66500    165.93909    4.30575 3189.08618      165.95028    4.28640 3189.08506      1.2433
  -66600    165.93883    4.30579 3189.08619      165.95003    4.28640 3189.08507      1.2455
  -66700    165.93857    4.30583 3189.08621      165.94979    4.28641 3189.08509      1.2477
  -66800    165.93831    4.30587 3189.08623      165.94955    4.28642 3189.08510      1.2500
  -66900    165.93805    4.30592 3189.08625      165.94931    4.28642 3189.08512      1.2522
  -67000    165.93778    4.30596 3189.08626      165.94907    4.28643 3189.08513      1.2544
  -67100    165.93752    4.30600 3189.08628      165.94883    4.28644 3189.08514      1.2567
  -67200    165.93726    4.30604 3189.08630      165.94858    4.28645 3189.08516      1.2589
  -67300    165.93700    4.30609 3189.08631      165.94834    4.28645 3189.08517      1.2611
  -67400    165.93674    4.30613 3189.08633      165.94810    4.28646 3189.08518      1.2634
  -67500    165.93648    4.30617 3189.08635      165.94786    4.28647 3189.08520      1.2656
  -67600    165.93622    4.30621 3189.08636      165.94762    4.28647 3189.08521      1.2678
  -67700    165.93596    4.30626 3189.08638      165.94738    4.28648 3189.08523      1.2701
  -67800    165.93570    4.30630 3189.08640      165.94713    4.28649 3189.08524      1.2723
  -67900    165.93544    4.30634 3189.08642      165.94689    4.28649 3189.08525      1.2745
  -68000    165.93518    4.30638 3189.08643      165.94665    4.28650 3189.08527      1.2768
  -68100    165.93492    4.30643 3189.08645      165.94641    4.28651 3189.08528      1.2790
  -68200    165.93466    4.30647 3189.08647      165.94617    4.28651 3189.08529      1.2813
  -68300    165.93440    4.30651 3189.08649      165.94593    4.28652 3189.08531      1.2835
  -68400    165.93414    4.30655 3189.08650      165.94568    4.28653 3189.08532      1.2857
  -68500    165.93388    4.30660 3189.08652      165.94544    4.28654 3189.08534      1.2880
  -68600    165.93362    4.30664 3189.08654      165.94520    4.28654 3189.08535      1.2902
  -68700    165.93336    4.30668 3189.08656      165.94496    4.28655 3189.08536      1.2924
  -68800    165.93310    4.30672 3189.08657      165.94472    4.28656 3189.08538      1.2947
  -68900    165.93283    4.30677 3189.08659      165.94448    4.28656 3189.08539      1.2969
  -69000    165.93257    4.30681 3189.08661      165.94423    4.28657 3189.08541      1.2991
  -69100    165.93231    4.30685 3189.08663      165.94399    4.28658 3189.08542      1.3014
  -69200    165.93205    4.30689 3189.08664      165.94375    4.28658 3189.08543      1.3036
  -69300    165.93179    4.30694 3189.08667      165.94351    4.28659 3189.08545      1.3058
  -69400    165.93153    4.30698 3189.08668      165.94327    4.28660 3189.08547      1.3081
  -69500    165.93127    4.30702 3189.08670      165.94303    4.28660 3189.08548      1.3103
  -69600    165.93101    4.30706 3189.08672      165.94278    4.28661 3189.08550      1.3125
  -69700    165.93075    4.30711 3189.08674      165.94254    4.28662 3189.08551      1.3148
  -69800    165.93049    4.30715 3189.08675      165.94230    4.28663 3189.08553      1.3170
  -69900    165.93023    4.30719 3189.08677      165.94206    4.28663 3189.08554      1.3192
  -70000    165.92997    4.30723 3189.08679      165.94182    4.28664 3189.08555      1.3215
  -70100    165.92971    4.30727 3189.08681      165.94158    4.28665 3189.08557      1.3237
  -70200    165.92945    4.30732 3189.08683      165.94133    4.28665 3189.08558      1.3259
  -70300    165.92919    4.30736 3189.08684      165.94109    4.28666 3189.08560      1.3282
  -70400    165.92893    4.30740 3189.08686      165.94085    4.28667 3189.08561      1.3304
  -70500    165.92867    4.30744 3189.08688      165.94061    4.28667 3189.08563      1.3327
  -70600    165.92841    4.30749 3189.08690      165.94037    4.28668 3189.08564      1.3349
  -70700    165.92814    4.30753 3189.08692      165.94013    4.28669 3189.08565      1.3371
  -70800    165.92788    4.30757 3189.08693      165.93988    4.28670 3189.08567      1.3394
  -70900    165.92762    4.30761 3189.08695      165.93964    4.28670 3189.08568      1.3416
  -71000    165.92736    4.30766 3189.08697      165.93940    4.28671 3189.08570      1.3438
  -71100    165.92710    4.30770 3189.08699      165.93916    4.28672 3189.08571      1.3461
  -71200    165.92684    4.30774 3189.08701      165.93892    4.28672 3189.08573      1.3483
  -71300    165.92658    4.30778 3189.08702      165.93868    4.28673 3189.08574      1.3505
  -71400    165.92632    4.30783 3189.08704      165.93843    4.28674 3189.08576      1.3528
  -71500    165.92606    4.30787 3189.08706      165.93819    4.28674 3189.08577      1.3550
  -71600    165.92580    4.30791 3189.08708      165.93795    4.28675 3189.08578      1.3572
  -71700    165.92554    4.30795 3189.08710      165.93771    4.28676 3189.08580      1.3595
  -71800    165.92528    4.30800 3189.08712      165.93747    4.28676 3189.08581      1.3617
  -71900    165.92502    4.30804 3189.08713      165.93723    4.28677 3189.08583      1.3639
  -72000    165.92476    4.30808 3189.08715      165.93698    4.28678 3189.08584      1.3662
  -72100    165.92450    4.30812 3189.08717      165.93674    4.28679 3189.08586      1.3684
  -72200    165.92424    4.30817 3189.08719      165.93650    4.28679 3189.08587      1.3706
  -72300    165.92398    4.30821 3189.08721      165.93626    4.28680 3189.08589      1.3729
  -72400    165.92372    4.30825 3189.08723      165.93602    4.28681 3189.08590      1.3751
  -72500    165.92345    4.30829 3189.08724      165.93578    4.28681 3189.08592      1.3774
  -72600    165.92319    4.30834 3189.08726      165.93554    4.28682 3189.08593      1.3796
  -72700    165.92293    4.30838 3189.08728      165.93529    4.28683 3189.08595      1.3818
  -72800    165.92267    4.30842 3189.08730      165.93505    4.28683 3189.08596      1.3841
  -72900    165.92241    4.30846 3189.08732      165.93481    4.28684 3189.08598      1.3863
  -73000    165.92215    4.30850 3189.08734      165.93457    4.28685 3189.08599      1.3885
  -73100    165.92189    4.30855 3189.08736      165.93433    4.28685 3189.08601      1.3908
  -73200    165.92163    4.30859 3189.08737      165.93409    4.28686 3189.08602      1.3930
  -73300    165.92137    4.30863 3189.08739      165.93384    4.28687 3189.08604      1.3952
  -73400    165.92111    4.30867 3189.08741      165.93360    4.28688 3189.08605      1.3975
  -73500    165.92085    4.30872 3189.08743      165.93336    4.28688 3189.08607      1.3997
  -73600    165.92059    4.30876 3189.08745      165.93312    4.28689 3189.08608      1.4019
  -73700    165.92033    4.30880 3189.08747      165.93288    4.28690 3189.08610      1.4042
  -73800    165.92007    4.30884 3189.08749      165.93264    4.28690 3189.08611      1.4064
  -73900    165.91981    4.30889 3189.08750      165.93239    4.28691 3189.08613      1.4086
  -74000    165.91955    4.30893 3189.08752      165.93215    4.28692 3189.08614      1.4109
  -74100    165.91929    4.30897 3189.08754      165.93191    4.28692 3189.08616      1.4131
  -74200    165.91903    4.30901 3189.08756      165.93167    4.28693 3189.08617      1.4153
  -74300    165.91877    4.30906 3189.08758      165.93143    4.28694 3189.08619      1.4176
  -74400    165.91850    4.30910 3189.08760      165.93119    4.28694 3189.08620      1.4198
  -74500    165.91824    4.30914 3189.08762      165.93094    4.28695 3189.08622      1.4221
  -74600    165.91798    4.30918 3189.08764      165.93070    4.28696 3189.08623      1.4243
  -74700    165.91772    4.30923 3189.08766      165.93046    4.28697 3189.08625      1.4265
  -74800    165.91746    4.30927 3189.08768      165.93022    4.28697 3189.08626      1.4288
  -74900    165.91720    4.30931 3189.08769      165.92998    4.28698 3189.08628      1.4310
  -75000    165.91694    4.30935 3189.08771      165.92974    4.28699 3189.08629      1.4332
  -75100    165.91668    4.30940 3189.08773      165.92949    4.28699 3189.08631      1.4355
  -75200    165.91642    4.30944 3189.08775      165.92925    4.28700 3189.08632      1.4377
  -75300    165.91616    4.30948 3189.08777      165.92901    4.28701 3189.08634      1.4399
  -75400    165.91590    4.30952 3189.08779      165.92877    4.28701 3189.08635      1.4422
  -75500    165.91564    4.30957 3189.08781      165.92853    4.28702 3189.08637      1.4444
  -75600    165.91538    4.30961 3189.08783      165.92829    4.28703 3189.08639      1.4466
  -75700    165.91512    4.30965 3189.08785      165.92804    4.28704 3189.08640      1.4489
  -75800    165.91486    4.30969 3189.08787      165.92780    4.28704 3189.08642      1.4511
  -75900    165.91460    4.30973 3189.08789      165.92756    4.28705 3189.08643      1.4533
  -76000    165.91434    4.30978 3189.08791      165.92732    4.28706 3189.08645      1.4556
  -76100    165.91408    4.30982 3189.08792      165.92708    4.28706 3189.08646      1.4578
  -76200    165.91381    4.30986 3189.08794      165.92684    4.28707 3189.08648      1.4600
  -76300    165.91355    4.30990 3189.08796      165.92659    4.28708 3189.08649      1.4623
  -76400    165.91329    4.30995 3189.08798      165.92635    4.28708 3189.08651      1.4645
  -76500    165.91303    4.30999 3189.08800      165.92611    4.28709 3189.08653      1.4668
  -76600    165.91277    4.31003 3189.08802      165.92587    4.28710 3189.08654      1.4690
  -76700    165.91251    4.31007 3189.08804      165.92563    4.28710 3189.08656      1.4712
  -76800    165.91225    4.31012 3189.08806      165.92539    4.28711 3189.08657      1.4735
  -76900    165.91199    4.31016 3189.08808      165.92514    4.28712 3189.08659      1.4757
  -77000    165.91173    4.31020 3189.08810      165.92490    4.28713 3189.08660      1.4779
  -77100    165.91147    4.31024 3189.08812      165.92466    4.28713 3189.08662      1.4802
  -77200    165.91121    4.31029 3189.08814      165.92442    4.28714 3189.08664      1.4824
  -77300    165.91095    4.31033 3189.08816      165.92418    4.28715 3189.08665      1.4846
  -77400    165.91069    4.31037 3189.08818      165.92394    4.28715 3189.08667      1.4869
  -77500    165.91043    4.31041 3189.08820      165.92369    4.28716 3189.08668      1.4891
  -77600    165.91017    4.31046 3189.08822      165.92345    4.28717 3189.08670      1.4913
  -77700    165.90991    4.31050 3189.08824      165.92321    4.28717 3189.08671      1.4936
  -77800    165.90965    4.31054 3189.08826      165.92297    4.28718 3189.08673      1.4958
  -77900    165.90939    4.31058 3189.08828      165.92273    4.28719 3189.08675      1.4980
  -78000    165.90913    4.31063 3189.08830      165.92249    4.28719 3189.08676      1.5003
  -78100    165.90886    4.31067 3189.08832      165.92225    4.28720 3189.08678      1.5025
  -78200    165.90860    4.31071 3189.08834      165.92200    4.28721 3189.08679      1.5048
  -78300    165.90834    4.31075 3189.08836      165.92176    4.28722 3189.08681      1.5070
  -78400    165.90808    4.31079 3189.08838      165.92152    4.28722 3189.08683      1.5092
  -78500    165.90782    4.31084 3189.08840      165.92128    4.28723 3189.08684      1.5115
  -78600    165.90756    4.31088 3189.08842      165.92104    4.28724 3189.08686      1.5137
  -78700    165.90730    4.31092 3189.08844      165.92080    4.28724 3189.08687      1.5159
  -78800    165.90704    4.31096 3189.08846      165.92055    4.28725 3189.08689      1.5182
  -78900    165.90678    4.31101 3189.08848      165.92031    4.28726 3189.08691      1.5204
  -79000    165.90652    4.31105 3189.08850      165.92007    4.28726 3189.08692      1.5226
  -79100    165.90626    4.31109 3189.08852      165.91983    4.28727 3189.08694      1.5249
  -79200    165.90600    4.31113 3189.08854      165.91959    4.28728 3189.08695      1.5271
  -79300    165.90574    4.31118 3189.08856      165.91935    4.28728 3189.08697      1.5293
  -79400    165.90548    4.31122 3189.08858      165.91910    4.28729 3189.08699      1.5316
  -79500    165.90522    4.31126 3189.08860      165.91886    4.28730 3189.08700      1.5338
  -79600    165.90496    4.31130 3189.08862      165.91862    4.28731 3189.08702      1.5360
  -79700    165.90470    4.31135 3189.08864      165.91838    4.28731 3189.08704      1.5383
  -79800    165.90444    4.31139 3189.08866      165.91814    4.28732 3189.08705      1.5405
  -79900    165.90417    4.31143 3189.08868      165.91790    4.28733 3189.08707      1.5428
  -80000    165.90391    4.31147 3189.08870      165.91765    4.28733 3189.08708      1.5450
  -80100    165.90365    4.31152 3189.08872      165.91741    4.28734 3189.08710      1.5472
  -80200    165.90339    4.31156 3189.08874      165.91717    4.28735 3189.08712      1.5495
  -80300    165.90313    4.31160 3189.08876      165.91693    4.28735 3189.08713      1.5517
  -80400    165.90287    4.31164 3189.08878      165.91669    4.28736 3189.08715      1.5539
  -80500    165.90261    4.31169 3189.08880      165.91645    4.28737 3189.08717      1.5562
  -80600    165.90235    4.31173 3189.08882      165.91620    4.28737 3189.08718      1.5584
  -80700    165.90209    4.31177 3189.08884      165.91596    4.28738 3189.08720      1.5606
  -80800    165.90183    4.31181 3189.08886      165.91572    4.28739 3189.08722      1.5629
  -80900    165.90157    4.31185 3189.08888      165.91548    4.28740 3189.08723      1.5651
  -81000    165.90131    4.31190 3189.08890      165.91524    4.28740 3189.08725      1.5673
  -81100    165.90105    4.31194 3189.08893      165.91500    4.28741 3189.08727      1.5696
  -81200    165.90079    4.31198 3189.08895      165.91475    4.28742 3189.08728      1.5718
  -81300    165.90053    4.31202 3189.08897      165.91451    4.28742 3189.08730      1.5740
  -81400    165.90027    4.31207 3189.08899      165.91427    4.28743 3189.08732      1.5763
  -81500    165.90001    4.31211 3189.08901      165.91403    4.28744 3189.08733      1.5785
  -81600    165.89975    4.31215 3189.08903      165.91379    4.28744 3189.08735      1.5807
  -81700    165.89949    4.31219 3189.08905      165.91355    4.28745 3189.08736      1.5830
  -81800    165.89922    4.31224 3189.08907      165.91331    4.28746 3189.08738      1.5852
  -81900    165.89896    4.31228 3189.08909      165.91306    4.28746 3189.08740      1.5875
  -82000    165.89870    4.31232 3189.08911      165.91282    4.28747 3189.08742      1.5897
  -82100    165.89844    4.31236 3189.08913      165.91258    4.28748 3189.08743      1.5919
  -82200    165.89818    4.31241 3189.08915      165.91234    4.28749 3189.08745      1.5942
  -82300    165.89792    4.31245 3189.08917      165.91210    4.28749 3189.08747      1.5964
  -82400    165.89766    4.31249 3189.08920      165.91186    4.28750 3189.08748      1.5986
  -82500    165.89740    4.31253 3189.08922      165.91161    4.28751 3189.08750      1.6009
  -82600    165.89714    4.31258 3189.08924      165.91137    4.28751 3189.08752      1.6031
  -82700    165.89688    4.31262 3189.08926      165.91113    4.28752 3189.08753      1.6053
  -82800    165.89662    4.31266 3189.08928      165.91089    4.28753 3189.08755      1.6076
  -82900    165.89636    4.31270 3189.08930      165.91065    4.28753 3189.08757      1.6098
  -83000    165.89610    4.31274 3189.08932      165.91041    4.28754 3189.08758      1.6120
  -83100    165.89584    4.31279 3189.08934      165.91016    4.28755 3189.08760      1.6143
  -83200    165.89558    4.31283 3189.08936      165.90992    4.28755 3189.08762      1.6165
  -83300    165.89532    4.31287 3189.08939      165.90968    4.28756 3189.08763      1.6187
  -83400    165.89506    4.31291 3189.08941      165.90944    4.28757 3189.08765      1.6210
  -83500    165.89480    4.31296 3189.08943      165.90920    4.28757 3189.08767      1.6232
  -83600    165.89454    4.31300 3189.08945      165.90896    4.28758 3189.08769      1.6255
  -83700    165.89427    4.31304 3189.08947      165.90871    4.28759 3189.08770      1.6277
  -83800    165.89401    4.31308 3189.08949      165.90847    4.28760 3189.08772      1.6299
  -83900    165.89375    4.31313 3189.08951      165.90823    4.28760 3189.08774      1.6322
  -84000    165.89349    4.31317 3189.08953      165.90799    4.28761 3189.08775      1.6344
  -84100    165.89323    4.31321 3189.08956      165.90775    4.28762 3189.08777      1.6366
  -84200    165.89297    4.31325 3189.08958      165.90751    4.28762 3189.08779      1.6389
  -84300    165.89271    4.31330 3189.08960      165.90726    4.28763 3189.08781      1.6411
  -84400    165.89245    4.31334 3189.08962      165.90702    4.28764 3189.08782      1.6433
  -84500    165.89219    4.31338 3189.08964      165.90678    4.28764 3189.08784      1.6456
  -84600    165.89193    4.31342 3189.08966      165.90654    4.28765 3189.08786      1.6478
  -84700    165.89167    4.31347 3189.08968      165.90630    4.28766 3189.08787      1.6500
  -84800    165.89141    4.31351 3189.08971      165.90606    4.28766 3189.08789      1.6523
  -84900    165.89115    4.31355 3189.08973      165.90581    4.28767 3189.08791      1.6545
  -85000    165.89089    4.31359 3189.08975      165.90557    4.28768 3189.08793      1.6567
  -85100    165.89063    4.31364 3189.08977      165.90533    4.28769 3189.08794      1.6590
  -85200    165.89037    4.31368 3189.08979      165.90509    4.28769 3189.08796      1.6612
  -85300    165.89011    4.31372 3189.08981      165.90485    4.28770 3189.08798      1.6635
  -85400    165.88985    4.31376 3189.08984      165.90461    4.28771 3189.08800      1.6657
  -85500    165.88959    4.31380 3189.08986      165.90437    4.28771 3189.08801      1.6679
  -85600    165.88932    4.31385 3189.08988      165.90412    4.28772 3189.08803      1.6702
  -85700    165.88906    4.31389 3189.08990      165.90388    4.28773 3189.08805      1.6724
  -85800    165.88880    4.31393 3189.08992      165.90364    4.28773 3189.08807      1.6746
  -85900    165.88854    4.31397 3189.08995      165.90340    4.28774 3189.08808      1.6769
  -86000    165.88828    4.31402 3189.08997      165.90316    4.28775 3189.08810      1.6791
  -86100    165.88802    4.31406 3189.08999      165.90292    4.28775 3189.08812      1.6813
  -86200    165.88776    4.31410 3189.09001      165.90267    4.28776 3189.08814      1.6836
  -86300    165.88750    4.31414 3189.09003      165.90243    4.28777 3189.08815      1.6858
  -86400    165.88724    4.31419 3189.09005      165.90219    4.28778 3189.08817      1.6880
  -86500    165.88698    4.31423 3189.09008      165.90195    4.28778 3189.08819      1.6903
  -86600    165.88672    4.31427 3189.09010      165.90171    4.28779 3189.08821      1.6925
  -86700    165.88646    4.31431 3189.09012      165.90147    4.28780 3189.08822      1.6948
  -86800    165.88620    4.31436 3189.09014      165.90122    4.28780 3189.08824      1.6970
  -86900    165.88594    4.31440 3189.09017      165.90098    4.28781 3189.08826      1.6992
  -87000    165.88568    4.31444 3189.09019      165.90074    4.28782 3189.08828      1.7015
  -87100    165.88542    4.31448 3189.09021      165.90050    4.28782 3189.08830      1.7037
  -87200    165.88516    4.31453 3189.09023      165.90026    4.28783 3189.08831      1.7059
  -87300    165.88490    4.31457 3189.09025      165.90002    4.28784 3189.08833      1.7082
  -87400    165.88464    4.31461 3189.09028      165.89977    4.28784 3189.08835      1.7104
  -87500    165.88437    4.31465 3189.09030      165.89953    4.28785 3189.08837      1.7126
  -87600    165.88411    4.31469 3189.09032      165.89929    4.28786 3189.08838      1.7149
  -87700    165.88385    4.31474 3189.09034      165.89905    4.28787 3189.08840      1.7171
  -87800    165.88359    4.31478 3189.09037      165.89881    4.28787 3189.08842      1.7193
  -87900    165.88333    4.31482 3189.09039      165.89857    4.28788 3189.08844      1.7216
  -88000    165.88307    4.31486 3189.09041      165.89832    4.28789 3189.08846      1.7238
  -88100    165.88281    4.31491 3189.09043      165.89808    4.28789 3189.08847      1.7260
  -88200    165.88255    4.31495 3189.09045      165.89784    4.28790 3189.08849      1.7283
  -88300    165.88229    4.31499 3189.09048      165.89760    4.28791 3189.08851      1.7305
  -88400    165.88203    4.31503 3189.09050      165.89736    4.28791 3189.08853      1.7328
  -88500    165.88177    4.31508 3189.09052      165.89712    4.28792 3189.08855      1.7350
  -88600    165.88151    4.31512 3189.09054      165.89688    4.28793 3189.08856      1.7372
  -88700    165.88125    4.31516 3189.09057      165.89663    4.28793 3189.08858      1.7395
  -88800    165.88099    4.31520 3189.09059      165.89639    4.28794 3189.08860      1.7417
  -88900    165.88073    4.31525 3189.09061      165.89615    4.28795 3189.08862      1.7439
  -89000    165.88047    4.31529 3189.09064      165.89591    4.28795 3189.08864      1.7462
  -89100    165.88021    4.31533 3189.09066      165.89567    4.28796 3189.08865      1.7484
  -89200    165.87995    4.31537 3189.09068      165.89543    4.28797 3189.08867      1.7506
  -89300    165.87969    4.31542 3189.09070      165.89518    4.28798 3189.08869      1.7529
  -89400    165.87943    4.31546 3189.09073      165.89494    4.28798 3189.08871      1.7551
  -89500    165.87916    4.31550 3189.09075      165.89470    4.28799 3189.08873      1.7573
  -89600    165.87890    4.31554 3189.09077      165.89446    4.28800 3189.08875      1.7596
  -89700    165.87864    4.31558 3189.09079      165.89422    4.28800 3189.08876      1.7618
  -89800    165.87838    4.31563 3189.09082      165.89398    4.28801 3189.08878      1.7640
  -89900    165.87812    4.31567 3189.09084      165.89373    4.28802 3189.08880      1.7663
  -90000    165.87786    4.31571 3189.09086      165.89349    4.28802 3189.08882      1.7685
  -90100    165.87760    4.31575 3189.09089      165.89325    4.28803 3189.08884      1.7708
  -90200    165.87734    4.31580 3189.09091      165.89301    4.28804 3189.08886      1.7730
  -90300    165.87708    4.31584 3189.09093      165.89277    4.28804 3189.08887      1.7752
  -90400    165.87682    4.31588 3189.09095      165.89253    4.28805 3189.08889      1.7775
  -90500    165.87656    4.31592 3189.09098      165.89228    4.28806 3189.08891      1.7797
  -90600    165.87630    4.31597 3189.09100      165.89204    4.28807 3189.08893      1.7819
  -90700    165.87604    4.31601 3189.09102      165.89180    4.28807 3189.08895      1.7842
  -90800    165.87578    4.31605 3189.09105      165.89156    4.28808 3189.08897      1.7864
  -90900    165.87552    4.31609 3189.09107      165.89132    4.28809 3189.08899      1.7886
  -91000    165.87526    4.31614 3189.09109      165.89108    4.28809 3189.08900      1.7909
  -91100    165.87500    4.31618 3189.09112      165.89083    4.28810 3189.08902      1.7931
  -91200    165.87474    4.31622 3189.09114      165.89059    4.28811 3189.08904      1.7953
  -91300    165.87448    4.31626 3189.09116      165.89035    4.28811 3189.08906      1.7976
  -91400    165.87421    4.31630 3189.09119      165.89011    4.28812 3189.08908      1.7998
  -91500    165.87395    4.31635 3189.09121      165.88987    4.28813 3189.08910      1.8021
  -91600    165.87369    4.31639 3189.09123      165.88963    4.28813 3189.08912      1.8043
  -91700    165.87343    4.31643 3189.09126      165.88939    4.28814 3189.08913      1.8065
  -91800    165.87317    4.31647 3189.09128      165.88914    4.28815 3189.08915      1.8088
  -91900    165.87291    4.31652 3189.09130      165.88890    4.28815 3189.08917      1.8110
  -92000    165.87265    4.31656 3189.09133      165.88866    4.28816 3189.08919      1.8132
  -92100    165.87239    4.31660 3189.09135      165.88842    4.28817 3189.08921      1.8155
  -92200    165.87213    4.31664 3189.09137      165.88818    4.28818 3189.08923      1.8177
  -92300    165.87187    4.31669 3189.09140      165.88794    4.28818 3189.08925      1.8199
  -92400    165.87161    4.31673 3189.09142      165.88769    4.28819 3189.08927      1.8222
  -92500    165.87135    4.31677 3189.09144      165.88745    4.28820 3189.08928      1.8244
  -92600    165.87109    4.31681 3189.09147      165.88721    4.28820 3189.08930      1.8266
  -92700    165.87083    4.31686 3189.09149      165.88697    4.28821 3189.08932      1.8289
  -92800    165.87057    4.31690 3189.09151      165.88673    4.28822 3189.08934      1.8311
  -92900    165.87031    4.31694 3189.09154      165.88649    4.28822 3189.08936      1.8333
  -93000    165.87005    4.31698 3189.09156      165.88624    4.28823 3189.08938      1.8356
  -93100    165.86979    4.31703 3189.09159      165.88600    4.28824 3189.08940      1.8378
  -93200    165.86953    4.31707 3189.09161      165.88576    4.28824 3189.08942      1.8401
  -93300    165.86927    4.31711 3189.09163      165.88552    4.28825 3189.08944      1.8423
  -93400    165.86900    4.31715 3189.09166      165.88528    4.28826 3189.08946      1.8445
  -93500    165.86874    4.31719 3189.09168      165.88504    4.28827 3189.08947      1.8468
  -93600    165.86848    4.31724 3189.09170      165.88479    4.28827 3189.08949      1.8490
  -93700    165.86822    4.31728 3189.09173      165.88455    4.28828 3189.08951      1.8512
  -93800    165.86796    4.31732 3189.09175      165.88431    4.28829 3189.08953      1.8535
  -93900    165.86770    4.31736 3189.09178      165.88407    4.28829 3189.08955      1.8557
  -94000    165.86744    4.31741 3189.09180      165.88383    4.28830 3189.08957      1.8579
  -94100    165.86718    4.31745 3189.09182      165.88359    4.28831 3189.08959      1.8602
  -94200    165.86692    4.31749 3189.09185      165.88334    4.28831 3189.08961      1.8624
  -94300    165.86666    4.31753 3189.09187      165.88310    4.28832 3189.08963      1.8646
  -94400    165.86640    4.31758 3189.09190      165.88286    4.28833 3189.08965      1.8669
  -94500    165.86614    4.31762 3189.09192      165.88262    4.28833 3189.08967      1.8691
  -94600    165.86588    4.31766 3189.09194      165.88238    4.28834 3189.08969      1.8713
  -94700    165.86562    4.31770 3189.09197      165.88214    4.28835 3189.08971      1.8736
  -94800    165.86536    4.31775 3189.09199      165.88190    4.28835 3189.08972      1.8758
  -94900    165.86510    4.31779 3189.09202      165.88165    4.28836 3189.08974      1.8781
  -95000    165.86484    4.31783 3189.09204      165.88141    4.28837 3189.08976      1.8803
  -95100    165.86458    4.31787 3189.09206      165.88117    4.28838 3189.08978      1.8825
  -95200    165.86432    4.31791 3189.09209      165.88093    4.28838 3189.08980      1.8848
  -95300    165.86405    4.31796 3189.09211      165.88069    4.28839 3189.08982      1.8870
  -95400    165.86379    4.31800 3189.09214      165.88045    4.28840 3189.08984      1.8892
  -95500    165.86353    4.31804 3189.09216      165.88020    4.28840 3189.08986      1.8915
  -95600    165.86327    4.31808 3189.09219      165.87996    4.28841 3189.08988      1.8937
  -95700    165.86301    4.31813 3189.09221      165.87972    4.28842 3189.08990      1.8959
  -95800    165.86275    4.31817 3189.09223      165.87948    4.28842 3189.08992      1.8982
  -95900    165.86249    4.31821 3189.09226      165.87924    4.28843 3189.08994      1.9004
  -96000    165.86223    4.31825 3189.09228      165.87900    4.28844 3189.08996      1.9026
  -96100    165.86197    4.31830 3189.09231      165.87875    4.28844 3189.08998      1.9049
  -96200    165.86171    4.31834 3189.09233      165.87851    4.28845 3189.09000      1.9071
  -96300    165.86145    4.31838 3189.09236      165.87827    4.28846 3189.09002      1.9094
  -96400    165.86119    4.31842 3189.09238      165.87803    4.28846 3189.09004      1.9116
  -96500    165.86093    4.31847 3189.09241      165.87779    4.28847 3189.09006      1.9138
  -96600    165.86067    4.31851 3189.09243      165.87755    4.28848 3189.09008      1.9161
  -96700    165.86041    4.31855 3189.09245      165.87730    4.28849 3189.09010      1.9183
  -96800    165.86015    4.31859 3189.09248      165.87706    4.28849 3189.09012      1.9205
  -96900    165.85989    4.31864 3189.09250      165.87682    4.28850 3189.09014      1.9228
  -97000    165.85963    4.31868 3189.09253      165.87658    4.28851 3189.09015      1.9250
  -97100    165.85937    4.31872 3189.09255      165.87634    4.28851 3189.09017      1.9272
  -97200    165.85911    4.31876 3189.09258      165.87610    4.28852 3189.09019      1.9295
  -97300    165.85884    4.31880 3189.09260      165.87586    4.28853 3189.09021      1.9317
  -97400    165.85858    4.31885 3189.09263      165.87561    4.28853 3189.09023      1.9339
  -97500    165.85832    4.31889 3189.09265      165.87537    4.28854 3189.09025      1.9362
  -97600    165.85806    4.31893 3189.09268      165.87513    4.28855 3189.09027      1.9384
  -97700    165.85780    4.31897 3189.09270      165.87489    4.28855 3189.09029      1.9407
  -97800    165.85754    4.31902 3189.09273      165.87465    4.28856 3189.09031      1.9429
  -97900    165.85728    4.31906 3189.09275      165.87441    4.28857 3189.09033      1.9451
  -98000    165.85702    4.31910 3189.09278      165.87416    4.28858 3189.09035      1.9474
  -98100    165.85676    4.31914 3189.09280      165.87392    4.28858 3189.09037      1.9496
  -98200    165.85650    4.31919 3189.09283      165.87368    4.28859 3189.09039      1.9518
  -98300    165.85624    4.31923 3189.09285      165.87344    4.28860 3189.09041      1.9541
  -98400    165.85598    4.31927 3189.09288      165.87320    4.28860 3189.09043      1.9563
  -98500    165.85572    4.31931 3189.09290      165.87296    4.28861 3189.09045      1.9585
  -98600    165.85546    4.31936 3189.09293      165.87271    4.28862 3189.09047      1.9608
  -98700    165.85520    4.31940 3189.09295      165.87247    4.28862 3189.09049      1.9630
  -98800    165.85494    4.31944 3189.09298      165.87223    4.28863 3189.09051      1.9652
  -98900    165.85468    4.31948 3189.09300      165.87199    4.28864 3189.09053      1.9675
  -99000    165.85442    4.31952 3189.09303      165.87175    4.28864 3189.09055      1.9697
  -99100    165.85416    4.31957 3189.09305      165.87151    4.28865 3189.09058      1.9719
  -99200    165.85390    4.31961 3189.09308      165.87127    4.28866 3189.09060      1.9742
  -99300    165.85363    4.31965 3189.09310      165.87102    4.28866 3189.09062      1.9764
  -99400    165.85337    4.31969 3189.09313      165.87078    4.28867 3189.09064      1.9787
  -99500    165.85311    4.31974 3189.09315      165.87054    4.28868 3189.09066      1.9809
  -99600    165.85285    4.31978 3189.09318      165.87030    4.28869 3189.09068      1.9831
  -99700    165.85259    4.31982 3189.09320      165.87006    4.28869 3189.09070      1.9854
  -99800    165.85233    4.31986 3189.09323      165.86982    4.28870 3189.09072      1.9876
  -99900    165.85207    4.31991 3189.09326      165.86957    4.28871 3189.09074      1.9898
